[loci]=151

[populations]=5

[pop]=1
1 110 108
2 110 98
3 110 32
4 110 6
5 110 108
6 110 0
7 110 3
8 110 13
9 110 0
10 110 10
11 110 109
12 110 2
13 110 3
14 110 0
15 110 106
16 110 8
17 110 0
18 110 110
19 110 3
20 110 0
21 110 0
22 110 36
23 110 7
24 110 63
25 110 8
26 110 1
27 110 0
28 110 2
29 110 48
30 110 37
31 110 0
32 110 16
33 110 0
34 110 14
35 110 1
36 110 0
37 110 0
38 110 84
39 110 10
40 110 0
41 110 0
42 110 110
43 110 68
44 110 7
45 110 6
46 110 110
47 110 6
48 110 0
49 110 0
50 110 0
51 110 0
52 110 7
53 110 66
54 110 110
55 110 0
56 110 7
57 110 110
58 110 109
59 110 106
60 110 7
61 110 1
62 110 9
63 110 16
64 110 100
65 110 108
66 110 110
67 110 110
68 110 23
69 110 4
70 110 101
71 110 21
72 110 109
73 110 8
74 110 4
75 110 91
76 110 110
77 110 0
78 110 0
79 110 105
80 110 34
81 110 95
82 110 0
83 110 1
84 110 0
85 110 110
86 110 0
87 110 0
88 110 101
89 110 0
90 110 0
91 110 14
92 110 4
93 110 1
94 110 49
95 110 109
96 110 3
97 110 103
98 110 102
99 110 0
100 110 82
101 110 1
102 110 13
103 110 110
104 110 110
105 110 1
106 110 37
107 110 53
108 110 59
109 110 0
110 110 8
111 110 47
112 110 24
113 110 29
114 110 54
115 110 0
116 110 5
117 110 2
118 110 4
119 110 23
120 110 108
121 110 1
122 110 87
123 110 110
124 110 0
125 110 0
126 110 0
127 110 0
128 110 8
129 110 27
130 110 14
131 110 0
132 110 62
133 110 108
134 110 3
135 110 96
136 110 2
137 110 4
138 110 63
139 110 34
140 110 1
141 110 110
142 110 106
143 110 6
144 110 0
145 110 10
146 110 1
147 110 78
148 110 0
149 110 56
150 110 100
151 110 13

[pop]=2
1 17 17
2 17 17
3 17 1
4 17 0
5 17 17
6 17 0
7 17 0
8 17 0
9 17 0
10 17 1
11 17 17
12 17 0
13 17 0
14 17 0
15 17 17
16 17 0
17 17 0
18 17 15
19 17 0
20 17 0
21 17 0
22 17 12
23 17 0
24 17 6
25 17 0
26 17 0
27 17 0
28 17 0
29 17 1
30 17 0
31 17 0
32 17 0
33 17 0
34 17 0
35 17 0
36 17 0
37 17 0
38 17 17
39 17 1
40 17 0
41 17 0
42 17 17
43 17 2
44 17 0
45 17 4
46 17 17
47 17 1
48 17 0
49 17 0
50 17 0
51 17 0
52 17 0
53 17 0
54 17 17
55 17 0
56 17 0
57 17 17
58 17 17
59 17 14
60 17 1
61 17 1
62 17 1
63 17 9
64 17 15
65 17 17
66 17 17
67 17 17
68 17 0
69 17 0
70 17 9
71 17 2
72 17 17
73 17 3
74 17 0
75 17 17
76 17 17
77 17 0
78 17 0
79 17 17
80 17 0
81 17 11
82 17 0
83 17 0
84 17 0
85 17 17
86 17 0
87 17 0
88 17 17
89 17 0
90 17 0
91 17 0
92 17 3
93 17 0
94 17 17
95 17 17
96 17 0
97 17 17
98 17 17
99 17 0
100 17 8
101 17 0
102 17 0
103 17 17
104 17 17
105 17 0
106 17 17
107 17 3
108 17 0
109 17 0
110 17 0
111 17 9
112 17 8
113 17 1
114 17 0
115 17 0
116 17 0
117 17 0
118 17 0
119 17 0
120 17 17
121 17 0
122 17 17
123 17 17
124 17 0
125 17 0
126 17 0
127 17 0
128 17 4
129 17 0
130 17 0
131 17 0
132 17 1
133 17 17
134 17 0
135 17 16
136 17 0
137 17 0
138 17 3
139 17 2
140 17 0
141 17 17
142 17 17
143 17 0
144 17 0
145 17 4
146 17 0
147 17 16
148 17 0
149 17 0
150 17 17
151 17 8

[pop]=3
1 54 53
2 54 50
3 54 2
4 54 3
5 54 54
6 54 0
7 54 0
8 54 1
9 54 0
10 54 1
11 54 54
12 54 0
13 54 0
14 54 0
15 54 52
16 54 0
17 54 0
18 54 53
19 54 5
20 54 0
21 54 0
22 54 0
23 54 0
24 54 54
25 54 46
26 54 6
27 54 0
28 54 4
29 54 8
30 54 6
31 54 0
32 54 0
33 54 0
34 54 0
35 54 2
36 54 0
37 54 0
38 54 52
39 54 0
40 54 0
41 54 0
42 54 52
43 54 42
44 54 0
45 54 0
46 54 38
47 54 1
48 54 0
49 54 0
50 54 0
51 54 0
52 54 0
53 54 53
54 54 54
55 54 0
56 54 2
57 54 54
58 54 51
59 54 51
60 54 2
61 54 0
62 54 1
63 54 1
64 54 19
65 54 52
66 54 54
67 54 54
68 54 0
69 54 6
70 54 29
71 54 3
72 54 54
73 54 6
74 54 20
75 54 49
76 54 54
77 54 0
78 54 0
79 54 54
80 54 24
81 54 14
82 54 0
83 54 0
84 54 0
85 54 54
86 54 0
87 54 1
88 54 39
89 54 0
90 54 0
91 54 0
92 54 3
93 54 0
94 54 0
95 54 54
96 54 0
97 54 54
98 54 54
99 54 0
100 54 14
101 54 0
102 54 0
103 54 54
104 54 54
105 54 0
106 54 54
107 54 11
108 54 1
109 54 3
110 54 0
111 54 25
112 54 27
113 54 0
114 54 5
115 54 0
116 54 0
117 54 0
118 54 2
119 54 0
120 54 54
121 54 0
122 54 53
123 54 54
124 54 0
125 54 0
126 54 0
127 54 0
128 54 6
129 54 7
130 54 0
131 54 0
132 54 0
133 54 53
134 54 0
135 54 16
136 54 0
137 54 15
138 54 29
139 54 0
140 54 0
141 54 54
142 54 49
143 54 15
144 54 0
145 54 28
146 54 0
147 54 52
148 54 0
149 54 8
150 54 54
151 54 0

[pop]=4
1 107 98
2 107 69
3 107 21
4 107 7
5 107 105
6 107 7
7 107 44
8 107 1
9 107 14
10 107 1
11 107 101
12 107 0
13 107 6
14 107 0
15 107 100
16 107 0
17 107 15
18 107 95
19 107 17
20 107 0
21 107 2
22 107 17
23 107 0
24 107 29
25 107 58
26 107 13
27 107 0
28 107 17
29 107 4
30 107 0
31 107 7
32 107 0
33 107 8
34 107 0
35 107 0
36 107 23
37 107 19
38 107 23
39 107 2
40 107 3
41 107 0
42 107 107
43 107 59
44 107 1
45 107 34
46 107 96
47 107 1
48 107 8
49 107 3
50 107 0
51 107 1
52 107 0
53 107 64
54 107 107
55 107 12
56 107 9
57 107 107
58 107 93
59 107 99
60 107 15
61 107 10
62 107 2
63 107 3
64 107 91
65 107 84
66 107 73
67 107 105
68 107 32
69 107 25
70 107 83
71 107 28
72 107 101
73 107 27
74 107 13
75 107 64
76 107 105
77 107 0
78 107 23
79 107 75
80 107 47
81 107 76
82 107 2
83 107 13
84 107 0
85 107 6
86 107 5
87 107 0
88 107 91
89 107 0
90 107 0
91 107 21
92 107 1
93 107 0
94 107 37
95 107 94
96 107 0
97 107 107
98 107 107
99 107 1
100 107 54
101 107 13
102 107 2
103 107 103
104 107 100
105 107 1
106 107 17
107 107 48
108 107 45
109 107 3
110 107 18
111 107 39
112 107 14
113 107 2
114 107 48
115 107 1
116 107 10
117 107 1
118 107 18
119 107 35
120 107 107
121 107 2
122 107 91
123 107 104
124 107 6
125 107 11
126 107 4
127 107 0
128 107 28
129 107 20
130 107 13
131 107 0
132 107 14
133 107 99
134 107 0
135 107 86
136 107 16
137 107 3
138 107 65
139 107 35
140 107 0
141 107 10
142 107 56
143 107 6
144 107 3
145 107 7
146 107 0
147 107 49
148 107 2
149 107 79
150 107 98
151 107 8

[pop]=5
1 34 34
2 34 32
3 34 0
4 34 5
5 34 34
6 34 0
7 34 20
8 34 0
9 34 33
10 34 0
11 34 34
12 34 0
13 34 4
14 34 0
15 34 34
16 34 0
17 34 12
18 34 4
19 34 0
20 34 0
21 34 2
22 34 0
23 34 0
24 34 3
25 34 33
26 34 0
27 34 0
28 34 2
29 34 0
30 34 0
31 34 1
32 34 1
33 34 1
34 34 0
35 34 0
36 34 0
37 34 1
38 34 1
39 34 0
40 34 1
41 34 0
42 34 30
43 34 26
44 34 0
45 34 0
46 34 34
47 34 1
48 34 0
49 34 0
50 34 0
51 34 1
52 34 0
53 34 28
54 34 33
55 34 0
56 34 0
57 34 31
58 34 34
59 34 29
60 34 3
61 34 3
62 34 0
63 34 1
64 34 34
65 34 34
66 34 33
67 34 34
68 34 5
69 34 0
70 34 34
71 34 0
72 34 34
73 34 12
74 34 1
75 34 19
76 34 34
77 34 1
78 34 34
79 34 1
80 34 2
81 34 25
82 34 0
83 34 30
84 34 0
85 34 0
86 34 0
87 34 0
88 34 31
89 34 0
90 34 0
91 34 34
92 34 1
93 34 0
94 34 6
95 34 31
96 34 0
97 34 31
98 34 34
99 34 1
100 34 33
101 34 28
102 34 0
103 34 34
104 34 34
105 34 1
106 34 0
107 34 27
108 34 6
109 34 0
110 34 0
111 34 0
112 34 10
113 34 1
114 34 11
115 34 2
116 34 2
117 34 5
118 34 0
119 34 5
120 34 34
121 34 0
122 34 34
123 34 10
124 34 0
125 34 10
126 34 0
127 34 13
128 34 14
129 34 0
130 34 1
131 34 0
132 34 3
133 34 34
134 34 0
135 34 13
136 34 15
137 34 0
138 34 3
139 34 32
140 34 0
141 34 1
142 34 17
143 34 0
144 34 0
145 34 0
146 34 0
147 34 0
148 34 30
149 34 34
150 34 8
151 34 0

