    prob  log10(PO)   qval  alpha  fst
1  0.111111 -0.90309 0.684499 -0.074121 0.17875 
2  0.0000 -1000.0 0.83076 0.0000 0.18808 
3  0.0000 -1000.0 0.83076 0.0000 0.18808 
4  1.0000 1000.0 0.0000 -0.53358 0.13288 
5  0.0000 -1000.0 0.83076 0.0000 0.18808 
6  0.11111 -0.90309 0.68450 0.016182 0.19071 
7  0.0000 -1000.0 0.83076 0.0000 0.18808 
8  0.11111 -0.90309 0.68450 0.034464 0.19394 
9  0.0000 -1000.0 0.83076 0.0000 0.18808 
10  0.33333 -0.30103 0.29333 -0.46798 0.14443 
11  0.0000 -1000.0 0.83076 0.0000 0.18808 
12  0.22222 -0.54407 0.47500 0.078729 0.20110 
13  0.33333 -0.30103 0.29333 0.22747 0.22905 
14  0.11111 -0.90309 0.68450 0.093333 0.20551 
15  0.11111 -0.90309 0.68450 -0.028731 0.18416 
16  1.0000 1000.0 0.0000 -1.6819 0.043283 
17  0.0000 -1000.0 0.83076 0.0000 0.18808 
18  0.11111 -0.90309 0.68450 0.097165 0.20624 
19  0.0000 -1000.0 0.83076 0.0000 0.18808 
20  0.0000 -1000.0 0.83076 0.0000 0.18808 
21  0.0000 -1000.0 0.83076 0.0000 0.18808 
22  0.0000 -1000.0 0.83076 0.0000 0.18808 
23  0.0000 -1000.0 0.83076 0.0000 0.18808 
24  0.11111 -0.90309 0.68450 0.075011 0.20151 
25  1.0000 1000.0 0.0000 0.34241 0.25566 
26  0.0000 -1000.0 0.83076 0.0000 0.18808 
27  0.33333 -0.30103 0.29333 -0.59727 0.13971 
28  0.11111 -0.90309 0.68450 -0.051067 0.18155 
29  0.0000 -1000.0 0.83076 0.0000 0.18808 
30  0.0000 -1000.0 0.83076 0.0000 0.18808 
31  0.0000 -1000.0 0.83076 0.0000 0.18808 
32  0.0000 -1000.0 0.83076 0.0000 0.18808 
33  0.0000 -1000.0 0.83076 0.0000 0.18808 
34  0.0000 -1000.0 0.83076 0.0000 0.18808 
35  0.0000 -1000.0 0.83076 0.0000 0.18808 
36  0.22222 -0.54407 0.47500 0.054605 0.19680 
37  0.0000 -1000.0 0.83076 0.0000 0.18808 
38  0.22222 -0.54407 0.47500 0.25011 0.23750 
39  0.0000 -1000.0 0.83076 0.0000 0.18808 
40  0.11111 -0.90309 0.68450 -0.022820 0.18489 
41  0.0000 -1000.0 0.83076 0.0000 0.18808 
42  0.0000 -1000.0 0.83076 0.0000 0.18808 
43  0.0000 -1000.0 0.83076 0.0000 0.18808 
44  1.0000 1000.0 0.0000 -0.89764 0.092990 
45  0.11111 -0.90309 0.68450 0.045472 0.19568 
46  0.0000 -1000.0 0.83076 0.0000 0.18808 
47  1.0000 1000.0 0.0000 -1.4833 0.061350 
48  0.0000 -1000.0 0.83076 0.0000 0.18808 
49  0.0000 -1000.0 0.83076 0.0000 0.18808 
50  0.22222 -0.54407 0.47500 -0.025415 0.18738 
51  0.44444 -0.096910 0.17544 0.18567 0.21919 
52  0.0000 -1000.0 0.83076 0.0000 0.18808 
53  0.0000 -1000.0 0.83076 0.0000 0.18808 
54  0.22222 -0.54407 0.47500 -0.0027054 0.18834 
55  0.44444 -0.096910 0.17544 0.49972 0.28728 
56  0.0000 -1000.0 0.83076 0.0000 0.18808 
57  0.0000 -1000.0 0.83076 0.0000 0.18808 
58  1.0000 1000.0 0.0000 0.32894 0.26302 
59  0.44444 -0.096910 0.17544 0.098635 0.20392 
60  0.44444 -0.096910 0.17544 0.48901 0.28475 
61  0.11111 -0.90309 0.68450 0.0089812 0.18945 
62  0.33333 -0.30103 0.29333 -0.23895 0.15859 
63  0.0000 -1000.0 0.83076 0.0000 0.18808 
64  0.11111 -0.90309 0.68450 0.092024 0.20511 
65  0.0000 -1000.0 0.83076 0.0000 0.18808 
66  0.0000 -1000.0 0.83076 0.0000 0.18808 
67  0.11111 -0.90309 0.68450 -0.15188 0.17291 
68  0.0000 -1000.0 0.83076 0.0000 0.18808 
69  0.0000 -1000.0 0.83076 0.0000 0.18808 
70  0.22222 -0.54407 0.47500 0.074325 0.20327 
71  0.11111 -0.90309 0.68450 0.11029 0.20933 
72  0.0000 -1000.0 0.83076 0.0000 0.18808 
73  0.0000 -1000.0 0.83076 0.0000 0.18808 
74  0.0000 -1000.0 0.83076 0.0000 0.18808 
75  0.11111 -0.90309 0.68450 -0.089020 0.17793 
76  0.11111 -0.90309 0.68450 -0.048336 0.18182 
77  0.33333 -0.30103 0.29333 -0.21014 0.16476 
78  0.44444 -0.096910 0.17544 -0.28671 0.15305 
79  0.0000 -1000.0 0.83076 0.0000 0.18808 
80  1.0000 1000.0 0.0000 -0.76683 0.12255 
81  0.22222 -0.54407 0.47500 0.014148 0.19076 
82  0.11111 -0.90309 0.68450 -0.20035 0.17156 
83  0.0000 -1000.0 0.83076 0.0000 0.18808 
84  0.0000 -1000.0 0.83076 0.0000 0.18808 
85  1.0000 1000.0 0.0000 1.5348 0.51058 
86  0.0000 -1000.0 0.83076 0.0000 0.18808 
87  0.33333 -0.30103 0.29333 0.30308 0.24833 
88  1.0000 1000.0 0.0000 0.057684 0.19952 
89  0.0000 -1000.0 0.83076 0.0000 0.18808 
90  0.11111 -0.90309 0.68450 -0.050177 0.18165 
91  0.11111 -0.90309 0.68450 0.037726 0.19427 
92  0.0000 -1000.0 0.83076 0.0000 0.18808 
93  0.11111 -0.90309 0.68450 0.027725 0.19251 
94  0.0000 -1000.0 0.83076 0.0000 0.18808 
95  0.0000 -1000.0 0.83076 0.0000 0.18808 
96  0.11111 -0.90309 0.68450 0.053782 0.19725 
97  0.0000 -1000.0 0.83076 0.0000 0.18808 
98  0.0000 -1000.0 0.83076 0.0000 0.18808 
99  0.11111 -0.90309 0.68450 -0.15592 0.17347 
100  0.11111 -0.90309 0.68450 -0.021254 0.18510 
101  0.22222 -0.54407 0.47500 0.17230 0.21964 
102  1.0000 1000.0 0.0000 -1.4264 0.054956 
103  0.11111 -0.90309 0.68450 0.15708 0.22134 
104  0.11111 -0.90309 0.68450 -0.058874 0.18060 
105  0.11111 -0.90309 0.68450 -0.038154 0.18299 
106  0.0000 -1000.0 0.83076 0.0000 0.18808 
107  0.22222 -0.54407 0.47500 -0.15943 0.16907 
108  1.0000 1000.0 0.0000 -0.63522 0.11066 
109  0.11111 -0.90309 0.68450 -0.029651 0.18404 
110  0.11111 -0.90309 0.68450 -0.13359 0.17361 
111  0.22222 -0.54407 0.47500 -0.13925 0.17077 
112  0.11111 -0.90309 0.68450 0.018495 0.19097 
113  0.0000 -1000.0 0.83076 0.0000 0.18808 
114  0.11111 -0.90309 0.68450 -0.10214 0.17689 
115  0.11111 -0.90309 0.68450 0.030815 0.19304 
116  0.22222 -0.54407 0.47500 -0.20780 0.16531 
117  0.22222 -0.54407 0.47500 -0.21802 0.16394 
118  0.0000 -1000.0 0.83076 0.0000 0.18808 
119  0.11111 -0.90309 0.68450 0.056179 0.19779 
120  0.0000 -1000.0 0.83076 0.0000 0.18808 
121  0.22222 -0.54407 0.47500 0.019880 0.19112 
122  0.0000 -1000.0 0.83076 0.0000 0.18808 
123  0.0000 -1000.0 0.83076 0.0000 0.18808 
124  0.0000 -1000.0 0.83076 0.0000 0.18808 
125  0.0000 -1000.0 0.83076 0.0000 0.18808 
126  0.11111 -0.90309 0.68450 0.016666 0.19067 
127  0.0000 -1000.0 0.83076 0.0000 0.18808 
128  0.11111 -0.90309 0.68450 -0.040989 0.18265 
129  0.0000 -1000.0 0.83076 0.0000 0.18808 
130  0.0000 -1000.0 0.83076 0.0000 0.18808 
131  0.44444 -0.096910 0.17544 0.41484 0.26898 
132  0.0000 -1000.0 0.83076 0.0000 0.18808 
133  0.11111 -0.90309 0.68450 -0.0036530 0.18752 
134  0.0000 -1000.0 0.83076 0.0000 0.18808 
135  0.11111 -0.90309 0.68450 -0.0051207 0.18733 
136  0.11111 -0.90309 0.68450 -0.094905 0.17745 
137  0.0000 -1000.0 0.83076 0.0000 0.18808 
138  0.0000 -1000.0 0.83076 0.0000 0.18808 
139  0.22222 -0.54407 0.47500 0.024632 0.19241 
140  0.11111 -0.90309 0.68450 -0.089183 0.17773 
141  1.0000 1000.0 0.0000 1.5813 0.51963 
142  0.11111 -0.90309 0.68450 0.033210 0.19347 
143  0.0000 -1000.0 0.83076 0.0000 0.18808 
144  1.0000 1000.0 0.0000 0.99417 0.38458 
145  0.0000 -1000.0 0.83076 0.0000 0.18808 
146  0.0000 -1000.0 0.83076 0.0000 0.18808 
147  0.0000 -1000.0 0.83076 0.0000 0.18808 
148  0.11111 -0.90309 0.68450 0.026368 0.19255 
149  0.0000 -1000.0 0.83076 0.0000 0.18808 
150  0.11111 -0.90309 0.68450 -0.0094284 0.18671 
151  0.22222 -0.54407 0.47500 -0.21542 0.16379 
