[loci]=151

[populations]=4

[pop]=1
1 151 149
2 151 139
3 151 39
4 151 8
5 151 149
6 151 0
7 151 9
8 151 15
9 151 0
10 151 13
11 151 148
12 151 3
13 151 3
14 151 0
15 151 147
16 151 9
17 151 0
18 151 149
19 151 7
20 151 0
21 151 0
22 151 55
23 151 8
24 151 76
25 151 11
26 151 2
27 151 0
28 151 6
29 151 52
30 151 36
31 151 2
32 151 15
33 151 2
34 151 14
35 151 3
36 151 0
37 151 0
38 151 117
39 151 12
40 151 0
41 151 0
42 151 150
43 151 77
44 151 8
45 151 11
46 151 150
47 151 7
48 151 0
49 151 3
50 151 0
51 151 0
52 151 7
53 151 73
54 151 151
55 151 0
56 151 8
57 151 151
58 151 150
59 151 143
60 151 10
61 151 2
62 151 14
63 151 33
64 151 138
65 151 147
66 151 151
67 151 150
68 151 26
69 151 6
70 151 125
71 151 27
72 151 150
73 151 15
74 151 5
75 151 127
76 151 151
77 151 0
78 151 1
79 151 144
80 151 37
81 151 127
82 151 0
83 151 3
84 151 0
85 151 150
86 151 2
87 151 0
88 151 144
89 151 0
90 151 0
91 151 14
92 151 6
93 151 3
94 151 83
95 151 146
96 151 3
97 151 142
98 151 140
99 151 0
100 151 105
101 151 2
102 151 12
103 151 151
104 151 151
105 151 1
106 151 66
107 151 64
108 151 69
109 151 0
110 151 8
111 151 71
112 151 39
113 151 37
114 151 66
115 151 0
116 151 5
117 151 2
118 151 6
119 151 26
120 151 147
121 151 4
122 151 125
123 151 151
124 151 0
125 151 0
126 151 0
127 151 0
128 151 15
129 151 28
130 151 13
131 151 0
132 151 68
133 151 150
134 151 3
135 151 133
136 151 4
137 151 5
138 151 81
139 151 40
140 151 1
141 151 150
142 151 145
143 151 8
144 151 0
145 151 15
146 151 1
147 151 111
148 151 0
149 151 68
150 151 139
151 151 28

[pop]=2
1 89 87
2 89 83
3 89 8
4 89 4
5 89 89
6 89 0
7 89 1
8 89 4
9 89 0
10 89 3
11 89 89
12 89 0
13 89 0
14 89 0
15 89 85
16 89 1
17 89 1
18 89 88
19 89 6
20 89 0
21 89 0
22 89 0
23 89 0
24 89 89
25 89 61
26 89 6
27 89 0
28 89 7
29 89 18
30 89 17
31 89 0
32 89 2
33 89 0
34 89 1
35 89 5
36 89 0
37 89 0
38 89 85
39 89 0
40 89 0
41 89 0
42 89 87
43 89 71
44 89 1
45 89 0
46 89 70
47 89 3
48 89 0
49 89 0
50 89 0
51 89 0
52 89 0
53 89 81
54 89 89
55 89 0
56 89 7
57 89 89
58 89 86
59 89 83
60 89 4
61 89 0
62 89 2
63 89 6
64 89 41
65 89 81
66 89 88
67 89 89
68 89 1
69 89 10
70 89 59
71 89 8
72 89 89
73 89 14
74 89 28
75 89 84
76 89 89
77 89 0
78 89 0
79 89 89
80 89 37
81 89 34
82 89 0
83 89 0
84 89 0
85 89 85
86 89 0
87 89 3
88 89 62
89 89 0
90 89 0
91 89 0
92 89 8
93 89 0
94 89 6
95 89 89
96 89 0
97 89 89
98 89 88
99 89 0
100 89 30
101 89 1
102 89 1
103 89 89
104 89 88
105 89 0
106 89 81
107 89 22
108 89 9
109 89 3
110 89 3
111 89 33
112 89 43
113 89 2
114 89 14
115 89 0
116 89 0
117 89 0
118 89 8
119 89 1
120 89 89
121 89 0
122 89 85
123 89 89
124 89 0
125 89 1
126 89 0
127 89 0
128 89 15
129 89 14
130 89 4
131 89 0
132 89 3
133 89 86
134 89 0
135 89 35
136 89 0
137 89 20
138 89 44
139 89 0
140 89 0
141 89 85
142 89 83
143 89 23
144 89 0
145 89 36
146 89 0
147 89 80
148 89 0
149 89 23
150 89 88
151 89 4

[pop]=3
1 91 83
2 91 55
3 91 20
4 91 4
5 91 89
6 91 7
7 91 42
8 91 0
9 91 6
10 91 1
11 91 85
12 91 0
13 91 4
14 91 0
15 91 85
16 91 0
17 91 7
18 91 85
19 91 14
20 91 0
21 91 0
22 91 16
23 91 0
24 91 23
25 91 39
26 91 13
27 91 0
28 91 15
29 91 2
30 91 0
31 91 1
32 91 0
33 91 2
34 91 0
35 91 0
36 91 23
37 91 19
38 91 18
39 91 2
40 91 1
41 91 0
42 91 91
43 91 55
44 91 1
45 91 24
46 91 82
47 91 0
48 91 8
49 91 3
50 91 0
51 91 0
52 91 0
53 91 51
54 91 91
55 91 12
56 91 8
57 91 91
58 91 82
59 91 88
60 91 15
61 91 3
62 91 2
63 91 3
64 91 78
65 91 68
66 91 59
67 91 91
68 91 23
69 91 25
70 91 69
71 91 29
72 91 86
73 91 19
74 91 11
75 91 59
76 91 89
77 91 0
78 91 14
79 91 68
80 91 47
81 91 63
82 91 0
83 91 3
84 91 0
85 91 6
86 91 4
87 91 0
88 91 77
89 91 0
90 91 0
91 91 18
92 91 0
93 91 0
94 91 35
95 91 81
96 91 0
97 91 91
98 91 91
99 91 0
100 91 45
101 91 3
102 91 2
103 91 88
104 91 86
105 91 1
106 91 16
107 91 43
108 91 35
109 91 4
110 91 17
111 91 40
112 91 11
113 91 2
114 91 38
115 91 0
116 91 10
117 91 1
118 91 18
119 91 25
120 91 91
121 91 1
122 91 75
123 91 89
124 91 6
125 91 8
126 91 4
127 91 0
128 91 20
129 91 20
130 91 12
131 91 0
132 91 15
133 91 84
134 91 0
135 91 78
136 91 12
137 91 2
138 91 63
139 91 21
140 91 0
141 91 10
142 91 43
143 91 4
144 91 3
145 91 6
146 91 0
147 91 45
148 91 0
149 91 65
150 91 85
151 91 9

[pop]=4
1 54 53
2 54 50
3 54 1
4 54 9
5 54 54
6 54 0
7 54 25
8 54 1
9 54 44
10 54 0
11 54 54
12 54 0
13 54 8
14 54 0
15 54 53
16 54 0
17 54 22
18 54 16
19 54 4
20 54 0
21 54 5
22 54 2
23 54 0
24 54 9
25 54 53
26 54 0
27 54 0
28 54 4
29 54 3
30 54 0
31 54 7
32 54 1
33 54 7
34 54 0
35 54 0
36 54 0
37 54 1
38 54 4
39 54 0
40 54 3
41 54 0
42 54 48
43 54 31
44 54 0
45 54 11
46 54 53
47 54 1
48 54 0
49 54 0
50 54 0
51 54 3
52 54 0
53 54 45
54 54 53
55 54 0
56 54 0
57 54 51
58 54 49
59 54 44
60 54 5
61 54 11
62 54 0
63 54 1
64 54 51
65 54 54
66 54 51
67 54 52
68 54 17
69 54 0
70 54 53
71 54 0
72 54 53
73 54 20
74 54 2
75 54 27
76 54 54
77 54 1
78 54 46
79 54 8
80 54 4
81 54 43
82 54 2
83 54 43
84 54 0
85 54 0
86 54 1
87 54 0
88 54 51
89 54 0
90 54 0
91 54 40
92 54 2
93 54 0
94 54 8
95 54 48
96 54 0
97 54 51
98 54 54
99 54 2
100 54 47
101 54 40
102 54 0
103 54 53
104 54 52
105 54 1
106 54 0
107 54 34
108 54 18
109 54 0
110 54 0
111 54 1
112 54 15
113 54 1
114 54 23
115 54 3
116 54 2
117 54 5
118 54 0
119 54 18
120 54 54
121 54 0
122 54 54
123 54 29
124 54 0
125 54 13
126 54 0
127 54 14
128 54 22
129 54 0
130 54 1
131 54 0
132 54 3
133 54 53
134 54 0
135 54 25
136 54 20
137 54 0
138 54 6
139 54 50
140 54 0
141 54 1
142 54 34
143 54 0
144 54 0
145 54 0
146 54 0
147 54 4
148 54 32
149 54 53
150 54 22
151 54 0

