  1:   0.5540  0.4460  1
  2:   0.7330  0.2670  1
  3:   0.3560  0.6440  1
  4:   0.3400  0.6600  1
  5:   0.9520  0.0480  1
  6:   0.4030  0.5970  1
  7:   0.9090  0.0910  1
  8:   0.2480  0.7520  1
  9:   0.8180  0.1820  1
 10:   0.3150  0.6850  1
 11:   0.8960  0.1040  1
 12:   0.4520  0.5480  1
 13:   0.7000  0.3000  1
 14:   0.4850  0.5150  1
 15:   0.9230  0.0770  1
 16:   0.6030  0.3970  1
 17:   0.0490  0.9510  1
 18:   0.8810  0.1190  1
 19:   0.5950  0.4050  1
 20:   0.9830  0.0170  1
 21:   0.4270  0.5730  1
 22:   0.8180  0.1820  1
 23:   0.6630  0.3370  1
 24:   0.3220  0.6780  1
 25:   0.7890  0.2110  1
 26:   0.2860  0.7140  1
 27:   0.5900  0.4100  1
 28:   0.8940  0.1060  1
 29:   0.8160  0.1840  1
 30:   0.0450  0.9550  1
 31:   0.4440  0.5560  1
 32:   0.6340  0.3660  1
 33:   0.6830  0.3170  1
 34:   0.1560  0.8440  1
 35:   0.5450  0.4550  1
 36:   0.3900  0.6100  1
 37:   0.3930  0.6070  1
 38:   0.9410  0.0590  1
 39:   0.7010  0.2990  1
 40:   0.7200  0.2800  1
 41:   0.0450  0.9550  1
 42:   0.7320  0.2680  1
 43:   0.3770  0.6230  1
 44:   0.6490  0.3510  1
 45:   0.7830  0.2170  1
 46:   0.6010  0.3990  1
 47:   0.2160  0.7840  1
 48:   0.2620  0.7380  1
 49:   0.1230  0.8770  1
 50:   0.3440  0.6560  1
 51:   0.8610  0.1390  1
 52:   0.4400  0.5600  1
 53:   0.4690  0.5310  1
 54:   0.7570  0.2430  1
 55:   0.2320  0.7680  1
 56:   0.2110  0.7890  1
 57:   0.7160  0.2840  1
 58:   0.7260  0.2740  1
 59:   0.7040  0.2960  1
 60:   0.5650  0.4350  1
 61:   0.7570  0.2430  1
 62:   0.1800  0.8200  1
 63:   0.2320  0.7680  1
 64:   0.1400  0.8600  1
 65:   0.1110  0.8890  1
 66:   0.6670  0.3330  1
 67:   0.6850  0.3150  1
 68:   0.7550  0.2450  1
 69:   0.4410  0.5590  1
 70:   0.4850  0.5150  1
 71:   0.0240  0.9760  1
 72:   0.8970  0.1030  1
 73:   0.6950  0.3050  1
 74:   0.2960  0.7040  1
 75:   0.5520  0.4480  1
 76:   0.0980  0.9020  1
 77:   0.5020  0.4980  1
 78:   0.9050  0.0950  1
 79:   0.2980  0.7020  1
 80:   0.2860  0.7140  1
 81:   0.6860  0.3140  1
 82:   0.6080  0.3920  1
 83:   0.6450  0.3550  1
 84:   0.4970  0.5030  1
 85:   0.2740  0.7260  1
 86:   0.6320  0.3680  1
 87:   0.6600  0.3400  1
 88:   0.5940  0.4060  1
 89:   0.8300  0.1700  1
 90:   0.3560  0.6440  1
 91:   0.1060  0.8940  1
 92:   0.6620  0.3380  1
 93:   0.5070  0.4930  1
 94:   0.8430  0.1570  1
 95:   0.3740  0.6260  1
 96:   0.6520  0.3480  1
 97:   0.8490  0.1510  1
 98:   0.0160  0.9840  1
 99:   0.9810  0.0190  1
100:   0.8270  0.1730  1
101:   0.6960  0.3040  1
102:   0.1420  0.8580  1
103:   0.4370  0.5630  1
104:   0.1380  0.8620  1
105:   0.6390  0.3610  1
106:   0.1230  0.8770  1
107:   0.1050  0.8950  1
108:   0.0550  0.9450  1
109:   0.8360  0.1640  1
110:   0.2650  0.7350  1
111:   0.5150  0.4850  1
112:   0.4350  0.5650  1
113:   0.7310  0.2690  1
114:   0.9460  0.0540  1
115:   0.7790  0.2210  1
116:   0.2190  0.7810  1
117:   0.4190  0.5810  1
118:   0.0840  0.9160  1
119:   0.6120  0.3880  1
120:   0.8490  0.1510  1
121:   0.8320  0.1680  1
122:   0.3720  0.6280  1
123:   0.1360  0.8640  1
124:   0.4810  0.5190  1
125:   0.7460  0.2540  1
126:   0.6630  0.3370  1
127:   0.3960  0.6040  1
128:   0.7870  0.2130  1
129:   0.1820  0.8180  1
130:   0.0980  0.9020  1
131:   0.5420  0.4580  1
132:   0.9100  0.0900  1
133:   0.4310  0.5690  1
134:   0.4810  0.5190  1
135:   0.9030  0.0970  1
136:   0.4020  0.5980  1
137:   0.2870  0.7130  1
138:   0.0380  0.9620  1
139:   0.0950  0.9050  1
140:   0.2050  0.7950  1
141:   0.3560  0.6440  1
142:   0.6530  0.3470  1
143:   0.7240  0.2760  1
144:   0.3630  0.6370  1
145:   0.3970  0.6030  1
146:   0.0350  0.9650  1
147:   0.7090  0.2910  1
148:   0.6260  0.3740  1
149:   0.0370  0.9630  1
150:   0.9230  0.0770  1
151:   0.5210  0.4790  1
152:   0.1560  0.8440  1
153:   0.6660  0.3340  1
154:   0.8290  0.1710  1
155:   0.8280  0.1720  1
156:   0.3730  0.6270  1
157:   0.4500  0.5500  1
158:   0.5910  0.4090  1
159:   0.9290  0.0710  1
160:   0.6380  0.3620  1
161:   0.5090  0.4910  1
162:   0.2580  0.7420  1
163:   0.9510  0.0490  1
164:   0.8660  0.1340  1
165:   0.6650  0.3350  1
166:   0.8420  0.1580  1
167:   0.0320  0.9680  1
168:   0.7650  0.2350  1
169:   0.1040  0.8960  1
170:   0.7120  0.2880  1
171:   0.0560  0.9440  1
172:   0.3920  0.6080  1
173:   0.8310  0.1690  1
174:   0.6520  0.3480  1
175:   0.7360  0.2640  1
176:   0.7720  0.2280  1
177:   0.1960  0.8040  1
178:   0.7410  0.2590  1
179:   0.4180  0.5820  1
180:   0.1560  0.8440  1
181:   0.7220  0.2780  1
182:   0.5060  0.4940  1
183:   0.6350  0.3650  1
184:   0.2390  0.7610  1
185:   0.2950  0.7050  1
186:   0.0970  0.9030  1
187:   0.9020  0.0980  1
188:   0.2370  0.7630  1
189:   0.2830  0.7170  1
190:   0.1580  0.8420  1
191:   0.9670  0.0330  1
192:   0.5920  0.4080  1
193:   0.7600  0.2400  1
194:   0.4220  0.5780  1
195:   0.6650  0.3350  1
196:   0.7630  0.2370  1
197:   0.4860  0.5140  1
198:   0.9280  0.0720  1
199:   0.7190  0.2810  1
200:   0.7860  0.2140  1
201:   0.1010  0.8990  1
202:   0.8510  0.1490  1
203:   0.3810  0.6190  1
204:   0.4840  0.5160  1
205:   0.8170  0.1830  1
206:   0.3540  0.6460  1
207:   0.6040  0.3960  1
208:   0.7240  0.2760  1
209:   0.3160  0.6840  1
210:   0.1800  0.8200  1
211:   0.0820  0.9180  1
212:   0.9700  0.0300  1
213:   0.2330  0.7670  1
214:   0.8320  0.1680  1
215:   0.4160  0.5840  1
216:   0.6550  0.3450  1
217:   0.4860  0.5140  1
218:   0.0750  0.9250  1
219:   0.8400  0.1600  1
220:   0.8500  0.1500  1
221:   0.3080  0.6920  1
222:   0.8990  0.1010  1
223:   0.3250  0.6750  1
224:   0.2750  0.7250  1
225:   0.5760  0.4240  1
226:   0.3130  0.6870  1
227:   0.2790  0.7210  1
228:   0.9750  0.0250  1
229:   0.8390  0.1610  1
230:   0.5240  0.4760  1
231:   0.5770  0.4230  1
232:   0.7300  0.2700  1
233:   0.9420  0.0580  1
234:   0.4840  0.5160  1
235:   0.9580  0.0420  1
236:   0.9770  0.0230  1
237:   0.1280  0.8720  1
238:   0.8380  0.1620  1
239:   0.5130  0.4870  1
240:   0.3040  0.6960  1
241:   0.8090  0.1910  1
242:   0.4210  0.5790  1
243:   0.4610  0.5390  1
244:   0.1350  0.8650  1
245:   0.2830  0.7170  1
246:   0.1100  0.8900  1
247:   0.2520  0.7480  1
248:   0.9360  0.0640  1
249:   0.6540  0.3460  1
250:   0.2080  0.7920  1
251:   0.3360  0.6640  1
252:   0.9420  0.0580  1
253:   0.4880  0.5120  1
254:   0.7500  0.2500  1
255:   0.8770  0.1230  1
256:   0.2260  0.7740  1
257:   0.7600  0.2400  1
258:   0.7390  0.2610  1
259:   0.2120  0.7880  1
260:   0.6520  0.3480  1
261:   0.0600  0.9400  1
262:   0.1950  0.8050  1
263:   0.2640  0.7360  1
264:   0.8430  0.1570  1
265:   0.3110  0.6890  1
266:   0.4550  0.5450  1
267:   0.0840  0.9160  1
268:   0.5840  0.4160  1
269:   0.1300  0.8700  1
270:   0.6320  0.3680  1
271:   0.6610  0.3390  1
272:   0.6940  0.3060  1
273:   0.1320  0.8680  1
274:   0.1060  0.8940  1
275:   0.1110  0.8890  1
276:   0.1840  0.8160  1
277:   0.5470  0.4530  1
278:   0.3850  0.6150  1
279:   0.7770  0.2230  1
280:   0.3280  0.6720  1
281:   0.6790  0.3210  1
282:   0.3280  0.6720  1
283:   0.3220  0.6780  1
284:   0.7040  0.2960  1
285:   0.8000  0.2000  1
286:   0.3410  0.6590  1
287:   0.0090  0.9910  1
288:   0.6100  0.3900  1
289:   0.7700  0.2300  1
290:   0.9550  0.0450  1
291:   0.1630  0.8370  1
292:   0.1920  0.8080  1
293:   0.9280  0.0720  1
294:   0.3620  0.6380  1
295:   0.5450  0.4550  1
296:   0.6810  0.3190  1
297:   0.1590  0.8410  1
298:   0.3270  0.6730  1
299:   0.2720  0.7280  1
300:   0.8120  0.1880  1
301:   0.2140  0.7860  1
302:   0.5920  0.4080  1
303:   0.7410  0.2590  1
304:   0.1110  0.8890  1
305:   0.0980  0.9020  1
306:   0.3450  0.6550  1
307:   0.6470  0.3530  1

  1:   0.5540  0.4460  1
  2:   0.7330  0.2670  1
  3:   0.3560  0.6440  1
  4:   0.3400  0.6600  1
  5:   0.9520  0.0480  1
  6:   0.4030  0.5970  1
  7:   0.9090  0.0910  1
  8:   0.2480  0.7520  1
  9:   0.8180  0.1820  1
 10:   0.3150  0.6850  1
 11:   0.8960  0.1040  1
 12:   0.4520  0.5480  1
 13:   0.7000  0.3000  1
 14:   0.4850  0.5150  1
 15:   0.9230  0.0770  1
 16:   0.6030  0.3970  1
 17:   0.0490  0.9510  1
 18:   0.8810  0.1190  1
 19:   0.5950  0.4050  1
 20:   0.9830  0.0170  1
 21:   0.4270  0.5730  1
 22:   0.8180  0.1820  1
 23:   0.6630  0.3370  1
 24:   0.3220  0.6780  1
 25:   0.7890  0.2110  1
 26:   0.2860  0.7140  1
 27:   0.5900  0.4100  1
 28:   0.8940  0.1060  1
 29:   0.8160  0.1840  1
 30:   0.0450  0.9550  1
 31:   0.4440  0.5560  1
 32:   0.6340  0.3660  1
 33:   0.6830  0.3170  1
 34:   0.1560  0.8440  1
 35:   0.5450  0.4550  1
 36:   0.3900  0.6100  1
 37:   0.3930  0.6070  1
 38:   0.9410  0.0590  1
 39:   0.7010  0.2990  1
 40:   0.7200  0.2800  1
 41:   0.0450  0.9550  1
 42:   0.7320  0.2680  1
 43:   0.3770  0.6230  1
 44:   0.6490  0.3510  1
 45:   0.7830  0.2170  1
 46:   0.6010  0.3990  1
 47:   0.2160  0.7840  1
 48:   0.2620  0.7380  1
 49:   0.1230  0.8770  1
 50:   0.3440  0.6560  1
 51:   0.8610  0.1390  1
 52:   0.4400  0.5600  1
 53:   0.4690  0.5310  1
 54:   0.7570  0.2430  1
 55:   0.2320  0.7680  1
 56:   0.2110  0.7890  1
 57:   0.7160  0.2840  1
 58:   0.7260  0.2740  1
 59:   0.7040  0.2960  1
 60:   0.5650  0.4350  1
 61:   0.7570  0.2430  1
 62:   0.1800  0.8200  1
 63:   0.2320  0.7680  1
 64:   0.1400  0.8600  1
 65:   0.1110  0.8890  1
 66:   0.6670  0.3330  1
 67:   0.6850  0.3150  1
 68:   0.7550  0.2450  1
 69:   0.4410  0.5590  1
 70:   0.4850  0.5150  1
 71:   0.0240  0.9760  1
 72:   0.8970  0.1030  1
 73:   0.6950  0.3050  1
 74:   0.2960  0.7040  1
 75:   0.5520  0.4480  1
 76:   0.0980  0.9020  1
 77:   0.5020  0.4980  1
 78:   0.9050  0.0950  1
 79:   0.2980  0.7020  1
 80:   0.2860  0.7140  1
 81:   0.6860  0.3140  1
 82:   0.6080  0.3920  1
 83:   0.6450  0.3550  1
 84:   0.4970  0.5030  1
 85:   0.2740  0.7260  1
 86:   0.6320  0.3680  1
 87:   0.6600  0.3400  1
 88:   0.5940  0.4060  1
 89:   0.8300  0.1700  1
 90:   0.3560  0.6440  1
 91:   0.1060  0.8940  1
 92:   0.6620  0.3380  1
 93:   0.5070  0.4930  1
 94:   0.8430  0.1570  1
 95:   0.3740  0.6260  1
 96:   0.6520  0.3480  1
 97:   0.8490  0.1510  1
 98:   0.0160  0.9840  1
 99:   0.9810  0.0190  1
100:   0.8270  0.1730  1
101:   0.6960  0.3040  1
102:   0.1420  0.8580  1
103:   0.4370  0.5630  1
104:   0.1380  0.8620  1
105:   0.6390  0.3610  1
106:   0.1230  0.8770  1
107:   0.1050  0.8950  1
108:   0.0550  0.9450  1
109:   0.8360  0.1640  1
110:   0.2650  0.7350  1
111:   0.5150  0.4850  1
112:   0.4350  0.5650  1
113:   0.7310  0.2690  1
114:   0.9460  0.0540  1
115:   0.7790  0.2210  1
116:   0.2190  0.7810  1
117:   0.4190  0.5810  1
118:   0.0840  0.9160  1
119:   0.6120  0.3880  1
120:   0.8490  0.1510  1
121:   0.8320  0.1680  1
122:   0.3720  0.6280  1
123:   0.1360  0.8640  1
124:   0.4810  0.5190  1
125:   0.7460  0.2540  1
126:   0.6630  0.3370  1
127:   0.3960  0.6040  1
128:   0.7870  0.2130  1
129:   0.1820  0.8180  1
130:   0.0980  0.9020  1
131:   0.5420  0.4580  1
132:   0.9100  0.0900  1
133:   0.4310  0.5690  1
134:   0.4810  0.5190  1
135:   0.9030  0.0970  1
136:   0.4020  0.5980  1
137:   0.2870  0.7130  1
138:   0.0380  0.9620  1
139:   0.0950  0.9050  1
140:   0.2050  0.7950  1
141:   0.3560  0.6440  1
142:   0.6530  0.3470  1
143:   0.7240  0.2760  1
144:   0.3630  0.6370  1
145:   0.3970  0.6030  1
146:   0.0350  0.9650  1
147:   0.7090  0.2910  1
148:   0.6260  0.3740  1
149:   0.0370  0.9630  1
150:   0.9230  0.0770  1
151:   0.5210  0.4790  1
152:   0.1560  0.8440  1
153:   0.6660  0.3340  1
154:   0.8290  0.1710  1
155:   0.8280  0.1720  1
156:   0.3730  0.6270  1
157:   0.4500  0.5500  1
158:   0.5910  0.4090  1
159:   0.9290  0.0710  1
160:   0.6380  0.3620  1
161:   0.5090  0.4910  1
162:   0.2580  0.7420  1
163:   0.9510  0.0490  1
164:   0.8660  0.1340  1
165:   0.6650  0.3350  1
166:   0.8420  0.1580  1
167:   0.0320  0.9680  1
168:   0.7650  0.2350  1
169:   0.1040  0.8960  1
170:   0.7120  0.2880  1
171:   0.0560  0.9440  1
172:   0.3920  0.6080  1
173:   0.8310  0.1690  1
174:   0.6520  0.3480  1
175:   0.7360  0.2640  1
176:   0.7720  0.2280  1
177:   0.1960  0.8040  1
178:   0.7410  0.2590  1
179:   0.4180  0.5820  1
180:   0.1560  0.8440  1
181:   0.7220  0.2780  1
182:   0.5060  0.4940  1
183:   0.6350  0.3650  1
184:   0.2390  0.7610  1
185:   0.2950  0.7050  1
186:   0.0970  0.9030  1
187:   0.9020  0.0980  1
188:   0.2370  0.7630  1
189:   0.2830  0.7170  1
190:   0.1580  0.8420  1
191:   0.9670  0.0330  1
192:   0.5920  0.4080  1
193:   0.7600  0.2400  1
194:   0.4220  0.5780  1
195:   0.6650  0.3350  1
196:   0.7630  0.2370  1
197:   0.4860  0.5140  1
198:   0.9280  0.0720  1
199:   0.7190  0.2810  1
200:   0.7860  0.2140  1
201:   0.1010  0.8990  1
202:   0.8510  0.1490  1
203:   0.3810  0.6190  1
204:   0.4840  0.5160  1
205:   0.8170  0.1830  1
206:   0.3540  0.6460  1
207:   0.6040  0.3960  1
208:   0.7240  0.2760  1
209:   0.3160  0.6840  1
210:   0.1800  0.8200  1
211:   0.0820  0.9180  1
212:   0.9700  0.0300  1
213:   0.2330  0.7670  1
214:   0.8320  0.1680  1
215:   0.4160  0.5840  1
216:   0.6550  0.3450  1
217:   0.4860  0.5140  1
218:   0.0750  0.9250  1
219:   0.8400  0.1600  1
220:   0.8500  0.1500  1
221:   0.3080  0.6920  1
222:   0.8990  0.1010  1
223:   0.3250  0.6750  1
224:   0.2750  0.7250  1
225:   0.5760  0.4240  1
226:   0.3130  0.6870  1
227:   0.2790  0.7210  1
228:   0.9750  0.0250  1
229:   0.8390  0.1610  1
230:   0.5240  0.4760  1
231:   0.5770  0.4230  1
232:   0.7300  0.2700  1
233:   0.9420  0.0580  1
234:   0.4840  0.5160  1
235:   0.9580  0.0420  1
236:   0.9770  0.0230  1
237:   0.1280  0.8720  1
238:   0.8380  0.1620  1
239:   0.5130  0.4870  1
240:   0.3040  0.6960  1
241:   0.8090  0.1910  1
242:   0.4210  0.5790  1
243:   0.4610  0.5390  1
244:   0.1350  0.8650  1
245:   0.2830  0.7170  1
246:   0.1100  0.8900  1
247:   0.2520  0.7480  1
248:   0.9360  0.0640  1
249:   0.6540  0.3460  1
250:   0.2080  0.7920  1
251:   0.3360  0.6640  1
252:   0.9420  0.0580  1
253:   0.4880  0.5120  1
254:   0.7500  0.2500  1
255:   0.8770  0.1230  1
256:   0.2260  0.7740  1
257:   0.7600  0.2400  1
258:   0.7390  0.2610  1
259:   0.2120  0.7880  1
260:   0.6520  0.3480  1
261:   0.0600  0.9400  1
262:   0.1950  0.8050  1
263:   0.2640  0.7360  1
264:   0.8430  0.1570  1
265:   0.3110  0.6890  1
266:   0.4550  0.5450  1
267:   0.0840  0.9160  1
268:   0.5840  0.4160  1
269:   0.1300  0.8700  1
270:   0.6320  0.3680  1
271:   0.6610  0.3390  1
272:   0.6940  0.3060  1
273:   0.1320  0.8680  1
274:   0.1060  0.8940  1
275:   0.1110  0.8890  1
276:   0.1840  0.8160  1
277:   0.5470  0.4530  1
278:   0.3850  0.6150  1
279:   0.7770  0.2230  1
280:   0.3280  0.6720  1
281:   0.6790  0.3210  1
282:   0.3280  0.6720  1
283:   0.3220  0.6780  1
284:   0.7040  0.2960  1
285:   0.8000  0.2000  1
286:   0.3410  0.6590  1
287:   0.0090  0.9910  1
288:   0.6100  0.3900  1
289:   0.7700  0.2300  1
290:   0.9550  0.0450  1
291:   0.1630  0.8370  1
292:   0.1920  0.8080  1
293:   0.9280  0.0720  1
294:   0.3620  0.6380  1
295:   0.5450  0.4550  1
296:   0.6810  0.3190  1
297:   0.1590  0.8410  1
298:   0.3270  0.6730  1
299:   0.2720  0.7280  1
300:   0.8120  0.1880  1
301:   0.2140  0.7860  1
302:   0.5920  0.4080  1
303:   0.7410  0.2590  1
304:   0.1110  0.8890  1
305:   0.0980  0.9020  1
306:   0.3450  0.6550  1
307:   0.6470  0.3530  1

  1:   0.5560  0.4440  1
  2:   0.7510  0.2490  1
  3:   0.2100  0.7900  1
  4:   0.0480  0.9520  1
  5:   0.2890  0.7110  1
  6:   0.2920  0.7080  1
  7:   0.6170  0.3830  1
  8:   0.5840  0.4160  1
  9:   0.7110  0.2890  1
 10:   0.3700  0.6300  1
 11:   0.4930  0.5070  1
 12:   0.6340  0.3660  1
 13:   0.3320  0.6680  1
 14:   0.4400  0.5600  1
 15:   0.6150  0.3850  1
 16:   0.5230  0.4770  1
 17:   0.1330  0.8670  1
 18:   0.8410  0.1590  1
 19:   0.2320  0.7680  1
 20:   0.9720  0.0280  1
 21:   0.3900  0.6100  1
 22:   0.9550  0.0450  1
 23:   0.5080  0.4920  1
 24:   0.0480  0.9520  1
 25:   0.7870  0.2130  1
 26:   0.7370  0.2630  1
 27:   0.8880  0.1120  1
 28:   0.8940  0.1060  1
 29:   0.7320  0.2680  1
 30:   0.3650  0.6350  1
 31:   0.8010  0.1990  1
 32:   0.3730  0.6270  1
 33:   0.1630  0.8370  1
 34:   0.2290  0.7710  1
 35:   0.4510  0.5490  1
 36:   0.6650  0.3350  1
 37:   0.8450  0.1550  1
 38:   0.3400  0.6600  1
 39:   0.5290  0.4710  1
 40:   0.5390  0.4610  1
 41:   0.5150  0.4850  1
 42:   0.5860  0.4140  1
 43:   0.2170  0.7830  1
 44:   0.8470  0.1530  1
 45:   0.4610  0.5390  1
 46:   0.0770  0.9230  1
 47:   0.8940  0.1060  1
 48:   0.9700  0.0300  1
 49:   0.7480  0.2520  1
 50:   0.3210  0.6790  1
 51:   0.2880  0.7120  1
 52:   0.2190  0.7810  1
 53:   0.4490  0.5510  1
 54:   0.3780  0.6220  1
 55:   0.7640  0.2360  1
 56:   0.3140  0.6860  1
 57:   0.0410  0.9590  1
 58:   0.8470  0.1530  1
 59:   0.5810  0.4190  1
 60:   0.0700  0.9300  1
 61:   0.2260  0.7740  1
 62:   0.0510  0.9490  1
 63:   0.7820  0.2180  1
 64:   0.9640  0.0360  1
 65:   0.7640  0.2360  1
 66:   0.3980  0.6020  1
 67:   0.5460  0.4540  1
 68:   0.9780  0.0220  1
 69:   0.7730  0.2270  1
 70:   0.5480  0.4520  1
 71:   0.5030  0.4970  1
 72:   0.7570  0.2430  1
 73:   0.6280  0.3720  1
 74:   0.0330  0.9670  1
 75:   0.8000  0.2000  1
 76:   0.8410  0.1590  1
 77:   0.1090  0.8910  1
 78:   0.3750  0.6250  1
 79:   0.2890  0.7110  1
 80:   0.4250  0.5750  1
 81:   0.1380  0.8620  1
 82:   0.3500  0.6500  1
 83:   0.1140  0.8860  1
 84:   0.6700  0.3300  1
 85:   0.7070  0.2930  1
 86:   0.1260  0.8740  1
 87:   0.9750  0.0250  1
 88:   0.4000  0.6000  1
 89:   0.2410  0.7590  1
 90:   0.8690  0.1310  1
 91:   0.1090  0.8910  1
 92:   0.3970  0.6030  1
 93:   0.2800  0.7200  1
 94:   0.0530  0.9470  1
 95:   0.0700  0.9300  1
 96:   0.2990  0.7010  1
 97:   0.3180  0.6820  1
 98:   0.8110  0.1890  1
 99:   0.0320  0.9680  1
100:   0.7720  0.2280  1
101:   0.3520  0.6480  1
102:   0.9180  0.0820  1
103:   0.8800  0.1200  1
104:   0.6660  0.3340  1
105:   0.2200  0.7800  1
106:   0.0810  0.9190  1
107:   0.3320  0.6680  1
108:   0.7480  0.2520  1
109:   0.9210  0.0790  1
110:   0.5260  0.4740  1
111:   0.9630  0.0370  1
112:   0.2610  0.7390  1
113:   0.1410  0.8590  1
114:   0.7980  0.2020  1
115:   0.2200  0.7800  1
116:   0.6240  0.3760  1
117:   0.0760  0.9240  1
118:   0.3520  0.6480  1
119:   0.5030  0.4970  1
120:   0.9670  0.0330  1
121:   0.2440  0.7560  1
122:   0.5930  0.4070  1
123:   0.1720  0.8280  1
124:   0.0370  0.9630  1
125:   0.0600  0.9400  1
126:   0.8360  0.1640  1
127:   0.8930  0.1070  1
128:   0.8810  0.1190  1
129:   0.2870  0.7130  1
130:   0.7640  0.2360  1
131:   0.3330  0.6670  1
132:   0.5850  0.4150  1
133:   0.3000  0.7000  1
134:   0.4190  0.5810  1
135:   0.6940  0.3060  1
136:   0.8130  0.1870  1
137:   0.6870  0.3130  1
138:   0.6650  0.3350  1
139:   0.6990  0.3010  1
140:   0.6470  0.3530  1
141:   0.2370  0.7630  1
142:   0.7010  0.2990  1
143:   0.8380  0.1620  1
144:   0.0880  0.9120  1
145:   0.8370  0.1630  1
146:   0.4020  0.5980  1
147:   0.8680  0.1320  1
148:   0.4370  0.5630  1
149:   0.9640  0.0360  1
150:   0.4000  0.6000  1
151:   0.3270  0.6730  1
152:   0.1900  0.8100  1
153:   0.5650  0.4350  1
154:   0.1310  0.8690  1
155:   0.5280  0.4720  1
156:   0.6580  0.3420  1
157:   0.0290  0.9710  1
158:   0.0910  0.9090  1
159:   0.4460  0.5540  1
160:   0.7100  0.2900  1
161:   0.8750  0.1250  1
162:   0.7740  0.2260  1
163:   0.3920  0.6080  1
164:   0.8550  0.1450  1
165:   0.9590  0.0410  1
166:   0.7610  0.2390  1
167:   0.5870  0.4130  1
168:   0.5630  0.4370  1
169:   0.0770  0.9230  1
170:   0.3900  0.6100  1
171:   0.0960  0.9040  1
172:   0.9010  0.0990  1
173:   0.8560  0.1440  1
174:   0.9590  0.0410  1
175:   0.3920  0.6080  1
176:   0.4410  0.5590  1
177:   0.9620  0.0380  1
178:   0.1860  0.8140  1
179:   0.3890  0.6110  1
180:   0.6820  0.3180  1
181:   0.3380  0.6620  1
182:   0.3530  0.6470  1
183:   0.6280  0.3720  1
184:   0.8960  0.1040  1
185:   0.3130  0.6870  1
186:   0.8160  0.1840  1
187:   0.6390  0.3610  1
188:   0.2530  0.7470  1
189:   0.4350  0.5650  1
190:   0.3240  0.6760  1
191:   0.0390  0.9610  1
192:   0.9490  0.0510  1
193:   0.3180  0.6820  1
194:   0.3510  0.6490  1
195:   0.0780  0.9220  1
196:   0.5780  0.4220  1
197:   0.7020  0.2980  1
198:   0.4790  0.5210  1
199:   0.8780  0.1220  1
200:   0.1760  0.8240  1
201:   0.7000  0.3000  1
202:   0.5430  0.4570  1
203:   0.7770  0.2230  1
204:   0.2770  0.7230  1
205:   0.2730  0.7270  1
206:   0.9160  0.0840  1
207:   0.2200  0.7800  1
208:   0.0760  0.9240  1
209:   0.5040  0.4960  1
210:   0.1210  0.8790  1
211:   0.4910  0.5090  1
212:   0.2400  0.7600  1
213:   0.3820  0.6180  1
214:   0.6560  0.3440  1
215:   0.3040  0.6960  1
216:   0.3600  0.6400  1
217:   0.4180  0.5820  1
218:   0.3950  0.6050  1
219:   0.2270  0.7730  1
220:   0.5660  0.4340  1
221:   0.4150  0.5850  1
222:   0.6900  0.3100  1
223:   0.3230  0.6770  1
224:   0.5470  0.4530  1
225:   0.0170  0.9830  1
226:   0.8880  0.1120  1
227:   0.0210  0.9790  1
228:   0.7650  0.2350  1
229:   0.5840  0.4160  1
230:   0.2930  0.7070  1
231:   0.4390  0.5610  1
232:   0.8280  0.1720  1
233:   0.5310  0.4690  1
234:   0.9710  0.0290  1
235:   0.6130  0.3870  1
236:   0.6010  0.3990  1
237:   0.4680  0.5320  1
238:   0.4680  0.5320  1
239:   0.8810  0.1190  1
240:   0.0700  0.9300  1
241:   0.7180  0.2820  1
242:   0.5480  0.4520  1
243:   0.4100  0.5900  1
244:   0.1860  0.8140  1
245:   0.1850  0.8150  1
246:   0.7080  0.2920  1
247:   0.0860  0.9140  1
248:   0.0650  0.9350  1
249:   0.3080  0.6920  1
250:   0.6360  0.3640  1
251:   0.8150  0.1850  1
252:   0.1880  0.8120  1
253:   0.9640  0.0360  1
254:   0.4590  0.5410  1
255:   0.1420  0.8580  1
256:   0.4120  0.5880  1
257:   0.8150  0.1850  1
258:   0.6760  0.3240  1
259:   0.8360  0.1640  1
260:   0.8280  0.1720  1
261:   0.5610  0.4390  1
262:   0.6890  0.3110  1
263:   0.1530  0.8470  1
264:   0.5920  0.4080  1
265:   0.2150  0.7850  1
266:   0.5750  0.4250  1
267:   0.7120  0.2880  1
268:   0.0760  0.9240  1
269:   0.3720  0.6280  1
270:   0.7340  0.2660  1
271:   0.4060  0.5940  1
272:   0.1210  0.8790  1
273:   0.5850  0.4150  1
274:   0.0570  0.9430  1
275:   0.7190  0.2810  1
276:   0.6370  0.3630  1
277:   0.4690  0.5310  1
278:   0.4710  0.5290  1
279:   0.3310  0.6690  1
280:   0.4570  0.5430  1
281:   0.0710  0.9290  1
282:   0.9150  0.0850  1
283:   0.6810  0.3190  1
284:   0.4800  0.5200  1
285:   0.2580  0.7420  1
286:   0.2000  0.8000  1
287:   0.8390  0.1610  1
288:   0.2900  0.7100  1
289:   0.3780  0.6220  1
290:   0.9030  0.0970  1
291:   0.5980  0.4020  1
292:   0.2960  0.7040  1
293:   0.8280  0.1720  1
294:   0.0560  0.9440  1
295:   0.0740  0.9260  1
296:   0.5070  0.4930  1
297:   0.1560  0.8440  1
298:   0.0680  0.9320  1
299:   0.2390  0.7610  1
300:   0.4800  0.5200  1
301:   0.0150  0.9850  1
302:   0.7980  0.2020  1
303:   0.2170  0.7830  1
304:   0.2490  0.7510  1
305:   0.7170  0.2830  1
306:   0.3030  0.6970  1
307:   0.2750  0.7250  1

  1:   0.5560  0.4440  1
  2:   0.7510  0.2490  1
  3:   0.2100  0.7900  1
  4:   0.0480  0.9520  1
  5:   0.2890  0.7110  1
  6:   0.2920  0.7080  1
  7:   0.6170  0.3830  1
  8:   0.5840  0.4160  1
  9:   0.7110  0.2890  1
 10:   0.3700  0.6300  1
 11:   0.4930  0.5070  1
 12:   0.6340  0.3660  1
 13:   0.3320  0.6680  1
 14:   0.4400  0.5600  1
 15:   0.6150  0.3850  1
 16:   0.5230  0.4770  1
 17:   0.1330  0.8670  1
 18:   0.8410  0.1590  1
 19:   0.2320  0.7680  1
 20:   0.9720  0.0280  1
 21:   0.3900  0.6100  1
 22:   0.9550  0.0450  1
 23:   0.5080  0.4920  1
 24:   0.0480  0.9520  1
 25:   0.7870  0.2130  1
 26:   0.7370  0.2630  1
 27:   0.8880  0.1120  1
 28:   0.8940  0.1060  1
 29:   0.7320  0.2680  1
 30:   0.3650  0.6350  1
 31:   0.8010  0.1990  1
 32:   0.3730  0.6270  1
 33:   0.1630  0.8370  1
 34:   0.2290  0.7710  1
 35:   0.4510  0.5490  1
 36:   0.6650  0.3350  1
 37:   0.8450  0.1550  1
 38:   0.3400  0.6600  1
 39:   0.5290  0.4710  1
 40:   0.5390  0.4610  1
 41:   0.5150  0.4850  1
 42:   0.5860  0.4140  1
 43:   0.2170  0.7830  1
 44:   0.8470  0.1530  1
 45:   0.4610  0.5390  1
 46:   0.0770  0.9230  1
 47:   0.8940  0.1060  1
 48:   0.9700  0.0300  1
 49:   0.7480  0.2520  1
 50:   0.3210  0.6790  1
 51:   0.2880  0.7120  1
 52:   0.2190  0.7810  1
 53:   0.4490  0.5510  1
 54:   0.3780  0.6220  1
 55:   0.7640  0.2360  1
 56:   0.3140  0.6860  1
 57:   0.0410  0.9590  1
 58:   0.8470  0.1530  1
 59:   0.5810  0.4190  1
 60:   0.0700  0.9300  1
 61:   0.2260  0.7740  1
 62:   0.0510  0.9490  1
 63:   0.7820  0.2180  1
 64:   0.9640  0.0360  1
 65:   0.7640  0.2360  1
 66:   0.3980  0.6020  1
 67:   0.5460  0.4540  1
 68:   0.9780  0.0220  1
 69:   0.7730  0.2270  1
 70:   0.5480  0.4520  1
 71:   0.5030  0.4970  1
 72:   0.7570  0.2430  1
 73:   0.6280  0.3720  1
 74:   0.0330  0.9670  1
 75:   0.8000  0.2000  1
 76:   0.8410  0.1590  1
 77:   0.1090  0.8910  1
 78:   0.3750  0.6250  1
 79:   0.2890  0.7110  1
 80:   0.4250  0.5750  1
 81:   0.1380  0.8620  1
 82:   0.3500  0.6500  1
 83:   0.1140  0.8860  1
 84:   0.6700  0.3300  1
 85:   0.7070  0.2930  1
 86:   0.1260  0.8740  1
 87:   0.9750  0.0250  1
 88:   0.4000  0.6000  1
 89:   0.2410  0.7590  1
 90:   0.8690  0.1310  1
 91:   0.1090  0.8910  1
 92:   0.3970  0.6030  1
 93:   0.2800  0.7200  1
 94:   0.0530  0.9470  1
 95:   0.0700  0.9300  1
 96:   0.2990  0.7010  1
 97:   0.3180  0.6820  1
 98:   0.8110  0.1890  1
 99:   0.0320  0.9680  1
100:   0.7720  0.2280  1
101:   0.3520  0.6480  1
102:   0.9180  0.0820  1
103:   0.8800  0.1200  1
104:   0.6660  0.3340  1
105:   0.2200  0.7800  1
106:   0.0810  0.9190  1
107:   0.3320  0.6680  1
108:   0.7480  0.2520  1
109:   0.9210  0.0790  1
110:   0.5260  0.4740  1
111:   0.9630  0.0370  1
112:   0.2610  0.7390  1
113:   0.1410  0.8590  1
114:   0.7980  0.2020  1
115:   0.2200  0.7800  1
116:   0.6240  0.3760  1
117:   0.0760  0.9240  1
118:   0.3520  0.6480  1
119:   0.5030  0.4970  1
120:   0.9670  0.0330  1
121:   0.2440  0.7560  1
122:   0.5930  0.4070  1
123:   0.1720  0.8280  1
124:   0.0370  0.9630  1
125:   0.0600  0.9400  1
126:   0.8360  0.1640  1
127:   0.8930  0.1070  1
128:   0.8810  0.1190  1
129:   0.2870  0.7130  1
130:   0.7640  0.2360  1
131:   0.3330  0.6670  1
132:   0.5850  0.4150  1
133:   0.3000  0.7000  1
134:   0.4190  0.5810  1
135:   0.6940  0.3060  1
136:   0.8130  0.1870  1
137:   0.6870  0.3130  1
138:   0.6650  0.3350  1
139:   0.6990  0.3010  1
140:   0.6470  0.3530  1
141:   0.2370  0.7630  1
142:   0.7010  0.2990  1
143:   0.8380  0.1620  1
144:   0.0880  0.9120  1
145:   0.8370  0.1630  1
146:   0.4020  0.5980  1
147:   0.8680  0.1320  1
148:   0.4370  0.5630  1
149:   0.9640  0.0360  1
150:   0.4000  0.6000  1
151:   0.3270  0.6730  1
152:   0.1900  0.8100  1
153:   0.5650  0.4350  1
154:   0.1310  0.8690  1
155:   0.5280  0.4720  1
156:   0.6580  0.3420  1
157:   0.0290  0.9710  1
158:   0.0910  0.9090  1
159:   0.4460  0.5540  1
160:   0.7100  0.2900  1
161:   0.8750  0.1250  1
162:   0.7740  0.2260  1
163:   0.3920  0.6080  1
164:   0.8550  0.1450  1
165:   0.9590  0.0410  1
166:   0.7610  0.2390  1
167:   0.5870  0.4130  1
168:   0.5630  0.4370  1
169:   0.0770  0.9230  1
170:   0.3900  0.6100  1
171:   0.0960  0.9040  1
172:   0.9010  0.0990  1
173:   0.8560  0.1440  1
174:   0.9590  0.0410  1
175:   0.3920  0.6080  1
176:   0.4410  0.5590  1
177:   0.9620  0.0380  1
178:   0.1860  0.8140  1
179:   0.3890  0.6110  1
180:   0.6820  0.3180  1
181:   0.3380  0.6620  1
182:   0.3530  0.6470  1
183:   0.6280  0.3720  1
184:   0.8960  0.1040  1
185:   0.3130  0.6870  1
186:   0.8160  0.1840  1
187:   0.6390  0.3610  1
188:   0.2530  0.7470  1
189:   0.4350  0.5650  1
190:   0.3240  0.6760  1
191:   0.0390  0.9610  1
192:   0.9490  0.0510  1
193:   0.3180  0.6820  1
194:   0.3510  0.6490  1
195:   0.0780  0.9220  1
196:   0.5780  0.4220  1
197:   0.7020  0.2980  1
198:   0.4790  0.5210  1
199:   0.8780  0.1220  1
200:   0.1760  0.8240  1
201:   0.7000  0.3000  1
202:   0.5430  0.4570  1
203:   0.7770  0.2230  1
204:   0.2770  0.7230  1
205:   0.2730  0.7270  1
206:   0.9160  0.0840  1
207:   0.2200  0.7800  1
208:   0.0760  0.9240  1
209:   0.5040  0.4960  1
210:   0.1210  0.8790  1
211:   0.4910  0.5090  1
212:   0.2400  0.7600  1
213:   0.3820  0.6180  1
214:   0.6560  0.3440  1
215:   0.3040  0.6960  1
216:   0.3600  0.6400  1
217:   0.4180  0.5820  1
218:   0.3950  0.6050  1
219:   0.2270  0.7730  1
220:   0.5660  0.4340  1
221:   0.4150  0.5850  1
222:   0.6900  0.3100  1
223:   0.3230  0.6770  1
224:   0.5470  0.4530  1
225:   0.0170  0.9830  1
226:   0.8880  0.1120  1
227:   0.0210  0.9790  1
228:   0.7650  0.2350  1
229:   0.5840  0.4160  1
230:   0.2930  0.7070  1
231:   0.4390  0.5610  1
232:   0.8280  0.1720  1
233:   0.5310  0.4690  1
234:   0.9710  0.0290  1
235:   0.6130  0.3870  1
236:   0.6010  0.3990  1
237:   0.4680  0.5320  1
238:   0.4680  0.5320  1
239:   0.8810  0.1190  1
240:   0.0700  0.9300  1
241:   0.7180  0.2820  1
242:   0.5480  0.4520  1
243:   0.4100  0.5900  1
244:   0.1860  0.8140  1
245:   0.1850  0.8150  1
246:   0.7080  0.2920  1
247:   0.0860  0.9140  1
248:   0.0650  0.9350  1
249:   0.3080  0.6920  1
250:   0.6360  0.3640  1
251:   0.8150  0.1850  1
252:   0.1880  0.8120  1
253:   0.9640  0.0360  1
254:   0.4590  0.5410  1
255:   0.1420  0.8580  1
256:   0.4120  0.5880  1
257:   0.8150  0.1850  1
258:   0.6760  0.3240  1
259:   0.8360  0.1640  1
260:   0.8280  0.1720  1
261:   0.5610  0.4390  1
262:   0.6890  0.3110  1
263:   0.1530  0.8470  1
264:   0.5920  0.4080  1
265:   0.2150  0.7850  1
266:   0.5750  0.4250  1
267:   0.7120  0.2880  1
268:   0.0760  0.9240  1
269:   0.3720  0.6280  1
270:   0.7340  0.2660  1
271:   0.4060  0.5940  1
272:   0.1210  0.8790  1
273:   0.5850  0.4150  1
274:   0.0570  0.9430  1
275:   0.7190  0.2810  1
276:   0.6370  0.3630  1
277:   0.4690  0.5310  1
278:   0.4710  0.5290  1
279:   0.3310  0.6690  1
280:   0.4570  0.5430  1
281:   0.0710  0.9290  1
282:   0.9150  0.0850  1
283:   0.6810  0.3190  1
284:   0.4800  0.5200  1
285:   0.2580  0.7420  1
286:   0.2000  0.8000  1
287:   0.8390  0.1610  1
288:   0.2900  0.7100  1
289:   0.3780  0.6220  1
290:   0.9030  0.0970  1
291:   0.5980  0.4020  1
292:   0.2960  0.7040  1
293:   0.8280  0.1720  1
294:   0.0560  0.9440  1
295:   0.0740  0.9260  1
296:   0.5070  0.4930  1
297:   0.1560  0.8440  1
298:   0.0680  0.9320  1
299:   0.2390  0.7610  1
300:   0.4800  0.5200  1
301:   0.0150  0.9850  1
302:   0.7980  0.2020  1
303:   0.2170  0.7830  1
304:   0.2490  0.7510  1
305:   0.7170  0.2830  1
306:   0.3030  0.6970  1
307:   0.2750  0.7250  1

