1450161525
1450161525
1450161525
1450161525
1450161526
1450161526
1450161527
1450161527
1450161528
1450161528
1450161528
1450161528
1450161529
1450161530
1450161530
1450161530
1450161532
1450161532
1450161532
1450161533
1450161534
1450161534
1450161535
1450161535
1450161536
1450161537
1450161537
1450161537
1450161538
1450161538
1450161539
1450161539
1450161540
1450161540
1450161540
1450161541
1450161634
1450161634
1450161634
1450161635
1450161635
1450161636
1450161636
1450161636
1450161637
1450161637
1450161637
1450161638
1450161639
1450161639
1450161639
1450161640
1450161641
1450161641
1450161641
1450161642
1450161643
1450161643
1450161644
1450161644
1450161645
1450161646
1450161646
1450161646
1450161647
1450161647
1450161648
1450161648
1450161649
1450161649
1450161650
1450161650
