# Data file produced by Principal Components
#	Input raster(s):
#		C:\Users\jhanson\Documents\ArcGIS\Default.gdb\bioclim_Clip1
#	The number of components = 19
#	Output raster(s):
#		C:\Users\jhanson\Downloads\pca2.tif


#                    COVARIANCE MATRIX

#    Layer             1             2             3             4             5             6             7             8             9            10            11            12            13            14            15            16            17            18            19
#  --------------------------------------------------------------------------
        1          294.33668     329.93573     242.77777   -1657.60018    -166.20930    -135.98595      11.33653    -489.21505    -398.49182    -508.12898    -429.78901      86.55700      13.20270    2944.94006     393.80920     215.84743     177.96177     282.01408     298.26415
        2          329.93573     375.76676     263.73058   -1862.36486    -180.51557    -155.85859      17.12424    -529.02494    -463.57705    -528.17938    -506.62326     104.62200      15.12921    3816.66128     451.88308     230.15486     221.72822     343.47957     297.24207
        3          242.77777     263.73058     213.30055   -1343.32066    -146.08495    -106.05267       1.91003    -433.35478    -299.17540    -486.88599    -309.87794      58.53799      10.01502    1661.55789     309.12546     197.05894     112.06652     187.10564     307.55468
        4        -1657.60018   -1862.36486   -1343.32066   18283.42131    1555.50503    1566.43651    -295.88415    4560.23427    4723.36243    4383.07110    5340.16949    -544.65373     -85.23250  -17908.51406   -2273.82583   -1158.70217   -1115.12366   -2149.54038   -1170.82003
        5         -166.20930    -180.51557    -146.08495    1555.50503     175.27781     118.45416      -2.54418     510.80373     335.54339     554.12090     357.14765     -45.28215      -7.87492   -1143.15242    -218.89633    -132.67684     -86.21950    -100.53183    -244.13013
        6         -135.98595    -155.85859    -106.05267    1566.43651     118.45416     146.40061     -35.18740     345.32770     445.69071     314.76763     506.98758     -47.49180      -6.94966   -1739.02550    -190.38127     -88.86969    -101.51158    -220.40004     -54.68662
        7           11.33653      17.12424       1.91003    -295.88415      -2.54418     -35.18740      19.18829      -8.22154    -121.17683      29.33820    -147.99029       8.65002       0.57920     560.71729      21.65479      -2.58997      24.24476      82.77715     -68.79623
        8         -489.21505    -529.02494    -433.35478    4560.23427     510.80373     345.32770      -8.22154    1504.78330     981.63533    1639.12414    1039.17902    -128.35673     -22.49118   -3177.65309    -638.95330    -395.56384    -243.38945    -284.52378    -719.10749
        9         -398.49182    -463.57705    -299.17540    4723.36243     335.54339     445.69071    -121.17683     981.63533    1394.71210     816.03371    1611.16513    -143.35182     -19.19585   -5795.51921    -566.93290    -245.41192    -321.52098    -740.38946     -18.14911
       10         -508.12898    -528.17938    -486.88599    4383.07110     554.12090     314.76763      29.33820    1639.12414     816.03371    2022.61106     740.51540    -108.31461     -23.54114   -1186.18634    -628.19578    -459.67736    -168.51842     -12.02251   -1123.06455
       11         -429.78901    -506.62326    -309.87794    5340.16949     357.14765     506.98758    -147.99029    1039.17902    1611.16513     740.51540    1950.77076    -159.84220     -19.61523   -6963.33074    -620.40402    -248.84231    -371.56171    -961.09376     186.49173
       12           86.55700     104.62200      58.53799    -544.65373     -45.28215     -47.49180       8.65002    -128.35673    -143.35182    -108.31461    -159.84220      45.17407       6.67465    1578.05092     134.59629      41.49904      93.09725     107.62588      58.19029
       13           13.20270      15.12921      10.01502     -85.23250      -7.87492      -6.94966       0.57920     -22.49118     -19.19585     -23.54114     -19.61523       6.67465       1.22326     169.10923      19.51050       7.59867      11.91183      10.84794      17.33691
       14         2944.94006    3816.66128    1661.55789  -17908.51406   -1143.15242   -1739.02550     560.71729   -3177.65309   -5795.51921   -1186.18634   -6963.33074    1578.05092     169.10923   75654.84940    4867.34446    1060.54377    3806.80066    5501.83180    -673.98625
       15          393.80920     451.88308     309.12546   -2273.82583    -218.89633    -190.38127      21.65479    -638.95330    -566.93290    -628.19578    -620.40402     134.59629      19.51050    4867.34446     549.06617     264.78706     284.27911     412.92319     350.09278
       16          215.84743     230.15486     197.05894   -1158.70217    -132.67684     -88.86969      -2.58997    -395.56384    -245.41192    -459.67736    -248.84231      41.49904       7.59867    1060.54377     264.78706     188.36726      76.41980     147.10092     299.48195
       17          177.96177     221.72822     112.06652   -1115.12366     -86.21950    -101.51158      24.24476    -243.38945    -321.52098    -168.51842    -371.56171      93.09725      11.91183    3806.80066     284.27911      76.41980     207.85930     265.82226      50.61082
       18          282.01408     343.47957     187.10564   -2149.54038    -100.53183    -220.40004      82.77715    -284.52378    -740.38946     -12.02251    -961.09376     107.62588      10.84794    5501.83180     412.92319     147.10092     265.82226     778.91148    -250.26803
       19          298.26415     297.24207     307.55468   -1170.82003    -244.13013     -54.68662     -68.79623    -719.10749     -18.14911   -1123.06455     186.49173      58.19029      17.33691    -673.98625     350.09278     299.48195      50.61082    -250.26803    1098.42296
#  ==========================================================================


#                    CORRELATION MATRIX

#    Layer             1             2             3             4             5             6             7             8             9            10            11            12            13            14            15            16            17            18            19
#  --------------------------------------------------------------------------
        1            1.00000       0.99208       0.96893      -0.71454      -0.73176      -0.65509       0.15085      -0.73509      -0.62195      -0.65856      -0.56719       0.75065       0.69579       0.62407       0.97961       0.91669       0.71948       0.58899       0.52456
        2            0.99208       1.00000       0.93155      -0.71052      -0.70338      -0.66451       0.20167      -0.70353      -0.64035      -0.60585      -0.59173       0.80301       0.70566       0.71582       0.99484       0.86508       0.79337       0.63489       0.46266
        3            0.96893       0.93155       1.00000      -0.68023      -0.75552      -0.60014       0.02986      -0.76491      -0.54851      -0.74127      -0.48039       0.59634       0.62001       0.41362       0.90329       0.98310       0.53222       0.45904       0.63539
        4           -0.71454      -0.71052      -0.68023       1.00000       0.86892       0.95744      -0.49955       0.86940       0.93536       0.72076       0.89418      -0.59930      -0.56992      -0.48152      -0.71766      -0.62437      -0.57202      -0.56960      -0.26126
        5           -0.73176      -0.70338      -0.75552       0.86892       1.00000       0.73946      -0.04387       0.99461       0.67865       0.93065       0.61077      -0.50888      -0.53780      -0.31392      -0.70561      -0.73018      -0.45171      -0.27208      -0.55638
        6           -0.65509      -0.66451      -0.60014       0.95744       0.73946       1.00000      -0.66389       0.73574       0.98632       0.57845       0.94869      -0.58399      -0.51932      -0.52254      -0.67149      -0.53515      -0.58191      -0.65267      -0.13637
        7            0.15085       0.20167       0.02986      -0.49955      -0.04387      -0.66389       1.00000      -0.04838      -0.74073       0.14892      -0.76491       0.29380       0.11955       0.46538       0.21097      -0.04308       0.38390       0.67709      -0.47387
        8           -0.73509      -0.70353      -0.76491       0.86940       0.99461       0.73574      -0.04838       1.00000       0.67760       0.93955       0.60653      -0.49231      -0.52422      -0.29782      -0.70294      -0.74298      -0.43519      -0.26281      -0.55934
        9           -0.62195      -0.64035      -0.54851       0.93536       0.67865       0.98632      -0.74073       0.67760       1.00000       0.48586       0.97678      -0.57111      -0.46473      -0.56420      -0.64785      -0.47880      -0.59715      -0.71035      -0.01466
       10           -0.65856      -0.60585      -0.74127       0.72076       0.93065       0.57845       0.14892       0.93955       0.48586       1.00000       0.37280      -0.35833      -0.47327      -0.09589      -0.59611      -0.74472      -0.25990      -0.00958      -0.75347
       11           -0.56719      -0.59173      -0.48039       0.89418       0.61077       0.94869      -0.76491       0.60653       0.97678       0.37280       1.00000      -0.53845      -0.40154      -0.57319      -0.59946      -0.41050      -0.58350      -0.77968       0.12740
       12            0.75065       0.80301       0.59634      -0.59930      -0.50888      -0.58399       0.29380      -0.49231      -0.57111      -0.35833      -0.53845       1.00000       0.89789       0.85361       0.85463       0.44987       0.96074       0.57376       0.26123
       13            0.69579       0.70566       0.62001      -0.56992      -0.53780      -0.51932       0.11955      -0.52422      -0.46473      -0.47327      -0.40154       0.89789       1.00000       0.55589       0.75283       0.50058       0.74702       0.35143       0.47296
       14            0.62407       0.71582       0.41362      -0.48152      -0.31392      -0.52254       0.46538      -0.29782      -0.56420      -0.09589      -0.57319       0.85361       0.55589       1.00000       0.75520       0.28094       0.95997       0.71671      -0.07393
       15            0.97961       0.99484       0.90329      -0.71766      -0.70561      -0.67149       0.21097      -0.70294      -0.64785      -0.59611      -0.59946       0.85463       0.75283       0.75520       1.00000       0.82334       0.84149       0.63141       0.45080
       16            0.91669       0.86508       0.98310      -0.62437      -0.73018      -0.53515      -0.04308      -0.74298      -0.47880      -0.74472      -0.41050       0.44987       0.50058       0.28094       0.82334       1.00000       0.38621       0.38403       0.65839
       17            0.71948       0.79337       0.53222      -0.57202      -0.45171      -0.58191       0.38390      -0.43519      -0.59715      -0.25990      -0.58350       0.96074       0.74702       0.95997       0.84149       0.38621       1.00000       0.66064       0.10592
       18            0.58899       0.63489       0.45904      -0.56960      -0.27208      -0.65267       0.67709      -0.26281      -0.71035      -0.00958      -0.77968       0.57376       0.35143       0.71671       0.63141       0.38403       0.66064       1.00000      -0.27057
       19            0.52456       0.46266       0.63539      -0.26126      -0.55638      -0.13637      -0.47387      -0.55934      -0.01466      -0.75347       0.12740       0.26123       0.47296      -0.07393       0.45080       0.65839       0.10592      -0.27057       1.00000
#  ==========================================================================


#                 EIGENVALUES AND EIGENVECTORS

# Number of Input Layers     Number of Principal Component Layers
           19                             19
# PC Layer             1             2             3             4             5             6             7             8             9            10            11            12            13            14            15            16            17            18            19
#  --------------------------------------------------------------------------
# Eigenvalues
               8.413677e+004 1.729654e+004 2.583395e+003 4.894267e+002 2.008043e+002 8.323119e+001 5.320183e+001 2.928975e+001 1.666365e+001 1.073896e+001 2.125664e+000 9.292491e-001 5.922610e-001 3.890652e-001 2.633306e-001 4.888776e-002 2.154774e-002 1.665723e-002 6.860691e-009
# Eigenvectors
# Input Layer
        1      4.109061e-002 -5.399697e-002 1.352151e-001 -3.190640e-001 -7.192328e-002 -7.381543e-003 -2.595967e-001 -1.154188e-002 -2.998343e-002 8.532415e-004 8.733757e-002 -1.207765e-001 1.190902e-001 -4.565051e-001 3.647521e-002 -5.999702e-001 4.293552e-001 1.059494e-001 1.467867e-008
        2      5.187811e-002 -5.032898e-002 1.404664e-001 -3.197779e-001 -7.267742e-002 8.297295e-003 -2.521527e-001 1.550860e-003 -8.723473e-004 1.392364e-002 4.914179e-004 -4.833582e-002 1.035215e-001 -2.141514e-001 -1.960597e-003 -1.051611e-001 -8.513680e-001 -9.409485e-002 -4.662178e-007
        3      2.515599e-002 -5.891767e-002 1.339234e-001 -3.161126e-001 -7.773553e-002 2.436501e-002 -2.523406e-001 1.959574e-002 3.119721e-002 7.755562e-003 6.399518e-002 -6.501529e-002 1.008158e-001 -3.396550e-001 -4.778663e-002 7.845028e-001 2.335973e-001 -1.249114e-002 4.242101e-007
        4      -2.854993e-001 8.086351e-001 1.846133e-001 -1.229713e-001 -1.666682e-001 4.030701e-001 9.028832e-002 -1.083993e-001 -6.009928e-002 -3.019527e-002 5.674926e-003 4.668321e-003 1.481643e-002 7.304732e-003 1.938871e-002 -4.089505e-003 2.311463e-003 7.667863e-004 2.940221e-009
        5      -2.000737e-002 8.008967e-002 -8.724866e-002 -5.909216e-002 1.729213e-001 -7.168688e-003 -1.107175e-001 2.098990e-001 -2.794922e-002 8.880872e-002 5.884927e-001 7.173314e-001 -1.441220e-001 -6.756275e-002 -1.442880e-002 -2.066036e-002 -1.682150e-002 1.454399e-003 1.173208e-009
        6      -2.681105e-002 6.446422e-002 5.233582e-002 2.238898e-002 -1.083600e-001 -1.912191e-001 -2.722764e-002 -6.062275e-002 1.023378e-001 2.869043e-002 4.949872e-001 -4.883986e-001 -6.297407e-001 2.015792e-002 2.109898e-001 2.502127e-002 -4.686415e-002 1.302710e-003 2.044656e-009
        7      7.681984e-003 -5.844897e-003 -6.225698e-002 -1.230850e-002 8.475707e-002 7.939095e-002 -2.489664e-002 1.208193e-001 1.468242e-002 -7.960184e-002 5.495106e-001 -3.455204e-001 6.404022e-001 3.570488e-001 -4.031789e-002 -4.366187e-003 3.056352e-003 4.957779e-003 7.646423e-008
        8      -5.670548e-002 2.383126e-001 -2.575865e-001 -1.583835e-001 5.358874e-001 -4.444166e-002 -1.782759e-001 4.692376e-001 -1.544574e-001 3.970166e-001 -2.197889e-001 -2.592961e-001 -9.825155e-002 2.340790e-002 -1.000353e-002 3.321369e-003 9.518938e-003 3.873448e-003 1.102226e-008
        9      -8.709655e-002 1.814213e-001 2.321751e-001 7.479965e-002 -2.183636e-001 -6.054676e-001 6.631336e-002 -1.456171e-001 5.533224e-002 6.210460e-001 1.321503e-002 7.611564e-002 2.392554e-001 3.946384e-002 -8.008596e-002 4.279624e-003 1.087248e-002 6.774536e-003 4.569677e-008
       10      -3.337571e-002 2.729650e-001 -4.755945e-001 -1.935247e-001 2.725881e-001 -3.861357e-001 -1.290010e-001 -4.862905e-001 2.689369e-001 -3.203174e-001 -3.435324e-002 3.687909e-002 7.046647e-002 -3.062687e-002 -2.556730e-002 1.043576e-002 -5.528756e-003 -6.498826e-003 -2.249623e-008
       11      -1.031807e-001 1.937705e-001 3.758758e-001 1.549734e-001 3.282531e-002 -4.652088e-001 -8.528756e-002 4.817565e-001 -2.350357e-003 -5.641851e-001 -9.520169e-002 1.899379e-002 2.692631e-002 -9.733006e-003 -3.252826e-002 -6.679003e-004 1.028168e-003 -5.793510e-003 -3.041846e-008
       12      2.030800e-002 -4.754902e-003 3.077011e-002 -8.776202e-003 7.579691e-002 -1.146576e-001 -3.669587e-002 -1.552431e-001 -5.138427e-001 -4.035088e-002 -1.940798e-002 7.175987e-002 1.256321e-001 3.555935e-002 7.284014e-001 4.535372e-002 4.773439e-002 -3.620247e-001 -1.209356e-006
       13      2.297116e-003 -2.294328e-003 7.408258e-003 -3.950654e-003 2.361921e-002 -3.337236e-002 -1.269239e-002 -3.461290e-002 -1.190480e-001 -1.574089e-002 -3.246621e-002 4.655725e-002 5.696780e-002 3.555770e-002 3.394232e-001 8.546095e-002 -1.130772e-001 9.162088e-001 3.262620e-006
       14      9.365613e-001 3.259929e-001 7.080537e-002 8.282915e-002 4.157773e-003 1.497676e-002 1.449980e-002 2.269689e-002 5.278246e-002 1.533892e-002 -2.889567e-003 3.631367e-003 3.548657e-003 -5.759525e-003 1.752219e-002 1.197725e-002 1.417605e-002 7.283214e-004 1.189653e-008
       15      6.562694e-002 -5.696071e-002 1.685853e-001 -3.216088e-001 -4.795593e-002 -4.334433e-002 -2.781918e-001 -1.405821e-001 -2.515209e-001 -4.273906e-002 -6.282853e-002 6.861689e-002 -1.721578e-001 5.104868e-001 -2.279133e-001 -2.927312e-002 8.809895e-002 3.723876e-002 -5.773501e-001
       16      1.752967e-002 -5.876808e-002 1.290729e-001 -3.250341e-001 -1.067162e-001 4.254343e-002 -2.411082e-001 7.801475e-002 3.583923e-001 3.889119e-002 -1.458327e-001 1.268040e-001 -7.386079e-002 4.797265e-001 2.157555e-001 -4.215574e-002 1.015306e-001 -4.059807e-002 5.773501e-001
       17      4.809727e-002 1.807373e-003 3.951236e-002 3.425319e-003 5.876029e-002 -8.588776e-002 -3.708363e-002 -2.185968e-001 -6.099132e-001 -8.163027e-002 8.300416e-002 -5.818708e-002 -9.829714e-002 3.076016e-002 -4.436688e-001 1.288158e-002 -1.343175e-002 7.783077e-002 5.773505e-001
       18      7.239357e-002 -2.471802e-002 -2.184631e-001 -5.803796e-001 -2.352316e-001 -1.792597e-001 6.627034e-001 2.463770e-001 -1.190900e-001 -8.484462e-002 1.257365e-002 7.759632e-003 -2.193918e-002 1.160727e-002 -2.747797e-003 6.220305e-004 2.710311e-003 2.371067e-003 8.442076e-009
       19      -2.184097e-003 -1.058770e-001 5.546432e-001 -1.780807e-001 6.464222e-001 4.613535e-002 3.816984e-001 -2.351478e-001 1.578509e-001 1.568630e-002 5.019705e-002 -5.791464e-003 -1.980385e-002 -1.879498e-002 1.393876e-003 7.336415e-004 -1.008973e-003 1.253573e-005 1.679661e-009
#  ==========================================================================

#                 PERCENT AND ACCUMULATIVE EIGENVALUES

# PC Layer   EigenValue   Percent of EigenValues   Accumulative of EigenValues
        1 8.413677e+004          80.2032               80.2032
        2 1.729654e+004          16.4879               96.6911
        3 2.583395e+003           2.4626               99.1538
        4 4.894267e+002           0.4665               99.6203
        5 2.008043e+002           0.1914               99.8117
        6 8.323119e+001           0.0793               99.8911
        7 5.320183e+001           0.0507               99.9418
        8 2.928975e+001           0.0279               99.9697
        9 1.666365e+001           0.0159               99.9856
       10 1.073896e+001           0.0102               99.9958
       11 2.125664e+000           0.0020               99.9978
       12 9.292491e-001           0.0009               99.9987
       13 5.922610e-001           0.0006               99.9993
       14 3.890652e-001           0.0004               99.9997
       15 2.633306e-001           0.0003               99.9999
       16 4.888776e-002           0.0000              100.0000
       17 2.154774e-002           0.0000              100.0000
       18 1.665723e-002           0.0000              100.0000
       19 6.860691e-009           0.0000              100.0000
#  ==========================================================================
