    prob  log10(PO)   qval  alpha  fst
1  0.222222 -0.544068 0.47343 -0.45745 0.16668 
2  0.0000 -1000.0 0.86452 0.0000 0.20348 
3  0.0000 -1000.0 0.86452 0.0000 0.20348 
4  0.0000 -1000.0 0.86452 0.0000 0.20348 
5  0.0000 -1000.0 0.86452 0.0000 0.20348 
6  0.0000 -1000.0 0.86452 0.0000 0.20348 
7  0.44444 -0.096910 0.15152 -0.16211 0.17984 
8  0.0000 -1000.0 0.86452 0.0000 0.20348 
9  0.0000 -1000.0 0.86452 0.0000 0.20348 
10  0.11111 -0.90309 0.70860 0.0084097 0.20486 
11  0.0000 -1000.0 0.86452 0.0000 0.20348 
12  0.22222 -0.54407 0.47343 0.021859 0.20761 
13  0.0000 -1000.0 0.86452 0.0000 0.20348 
14  0.0000 -1000.0 0.86452 0.0000 0.20348 
15  0.11111 -0.90309 0.70860 -0.14917 0.18803 
16  0.22222 -0.54407 0.47343 -0.11258 0.19030 
17  0.0000 -1000.0 0.86452 0.0000 0.20348 
18  0.0000 -1000.0 0.86452 0.0000 0.20348 
19  0.0000 -1000.0 0.86452 0.0000 0.20348 
20  0.11111 -0.90309 0.70860 -0.039788 0.19778 
21  0.0000 -1000.0 0.86452 0.0000 0.20348 
22  0.22222 -0.54407 0.47343 0.29894 0.26792 
23  0.11111 -0.90309 0.70860 -0.030326 0.19902 
24  0.0000 -1000.0 0.86452 0.0000 0.20348 
25  0.11111 -0.90309 0.70860 0.0051581 0.20439 
26  0.0000 -1000.0 0.86452 0.0000 0.20348 
27  0.0000 -1000.0 0.86452 0.0000 0.20348 
28  1.0000 1000.0 0.0000 2.1605 0.68578 
29  0.0000 -1000.0 0.86452 0.0000 0.20348 
30  0.0000 -1000.0 0.86452 0.0000 0.20348 
31  0.0000 -1000.0 0.86452 0.0000 0.20348 
32  0.0000 -1000.0 0.86452 0.0000 0.20348 
33  0.11111 -0.90309 0.70860 -0.014268 0.20128 
34  0.0000 -1000.0 0.86452 0.0000 0.20348 
35  0.22222 -0.54407 0.47343 0.12219 0.23359 
36  1.0000 1000.0 0.0000 -0.85033 0.11959 
37  0.11111 -0.90309 0.70860 0.011348 0.20536 
38  0.22222 -0.54407 0.47343 -0.043849 0.22144 
39  0.11111 -0.90309 0.70860 0.11429 0.22701 
40  0.0000 -1000.0 0.86452 0.0000 0.20348 
41  0.11111 -0.90309 0.70860 -0.081416 0.19340 
42  1.0000 1000.0 0.0000 -0.46089 0.15884 
43  0.0000 -1000.0 0.86452 0.0000 0.20348 
44  0.11111 -0.90309 0.70860 -0.11475 0.19027 
45  0.0000 -1000.0 0.86452 0.0000 0.20348 
46  0.0000 -1000.0 0.86452 0.0000 0.20348 
47  0.0000 -1000.0 0.86452 0.0000 0.20348 
48  0.0000 -1000.0 0.86452 0.0000 0.20348 
49  0.0000 -1000.0 0.86452 0.0000 0.20348 
50  0.0000 -1000.0 0.86452 0.0000 0.20348 
51  0.0000 -1000.0 0.86452 0.0000 0.20348 
52  0.0000 -1000.0 0.86452 0.0000 0.20348 
53  0.11111 -0.90309 0.70860 0.015717 0.20611 
54  0.0000 -1000.0 0.86452 0.0000 0.20348 
55  0.11111 -0.90309 0.70860 -0.12036 0.18990 
56  0.0000 -1000.0 0.86452 0.0000 0.20348 
57  0.0000 -1000.0 0.86452 0.0000 0.20348 
58  0.11111 -0.90309 0.70860 -0.031043 0.19850 
59  0.0000 -1000.0 0.86452 0.0000 0.20348 
60  0.0000 -1000.0 0.86452 0.0000 0.20348 
61  0.11111 -0.90309 0.70860 0.039549 0.21050 
62  0.0000 -1000.0 0.86452 0.0000 0.20348 
63  0.11111 -0.90309 0.70860 0.0042416 0.20422 
64  0.11111 -0.90309 0.70860 -0.026213 0.19966 
65  0.22222 -0.54407 0.47343 -0.084962 0.20435 
66  0.0000 -1000.0 0.86452 0.0000 0.20348 
67  0.0000 -1000.0 0.86452 0.0000 0.20348 
68  0.0000 -1000.0 0.86452 0.0000 0.20348 
69  0.0000 -1000.0 0.86452 0.0000 0.20348 
70  0.0000 -1000.0 0.86452 0.0000 0.20348 
71  0.11111 -0.90309 0.70860 0.062897 0.21505 
72  0.0000 -1000.0 0.86452 0.0000 0.20348 
73  0.33333 -0.30103 0.19444 0.17782 0.23764 
74  0.0000 -1000.0 0.86452 0.0000 0.20348 
75  0.11111 -0.90309 0.70860 0.011062 0.20531 
76  0.0000 -1000.0 0.86452 0.0000 0.20348 
77  0.44444 -0.096910 0.15152 0.22743 0.24666 
78  0.11111 -0.90309 0.70860 -0.013734 0.20147 
79  0.22222 -0.54407 0.47343 -0.040916 0.19735 
80  0.11111 -0.90309 0.70860 0.011031 0.20531 
81  0.0000 -1000.0 0.86452 0.0000 0.20348 
82  0.22222 -0.54407 0.47343 -0.067387 0.19411 
83  0.0000 -1000.0 0.86452 0.0000 0.20348 
84  0.11111 -0.90309 0.70860 -0.019766 0.20047 
85  0.11111 -0.90309 0.70860 0.0027019 0.20392 
86  0.11111 -0.90309 0.70860 0.091110 0.22232 
87  0.11111 -0.90309 0.70860 -0.057538 0.19608 
88  0.11111 -0.90309 0.70860 -0.10811 0.18977 
89  0.22222 -0.54407 0.47343 0.12573 0.22837 
90  0.11111 -0.90309 0.70860 -0.034054 0.19863 
91  0.0000 -1000.0 0.86452 0.0000 0.20348 
92  0.0000 -1000.0 0.86452 0.0000 0.20348 
93  0.22222 -0.54407 0.47343 0.15446 0.23725 
94  1.0000 1000.0 0.0000 0.83739 0.37791 
95  0.0000 -1000.0 0.86452 0.0000 0.20348 
96  0.0000 -1000.0 0.86452 0.0000 0.20348 
97  0.0000 -1000.0 0.86452 0.0000 0.20348 
98  0.0000 -1000.0 0.86452 0.0000 0.20348 
99  0.11111 -0.90309 0.70860 -0.0045054 0.20277 
100  0.11111 -0.90309 0.70860 -0.10978 0.19065 
101  1.0000 1000.0 0.0000 -1.0526 0.10767 
102  0.0000 -1000.0 0.86452 0.0000 0.20348 
103  0.0000 -1000.0 0.86452 0.0000 0.20348 
104  1.0000 1000.0 0.0000 0.14896 0.27725 
105  1.0000 1000.0 0.0000 -0.77696 0.12289 
106  0.0000 -1000.0 0.86452 0.0000 0.20348 
107  0.11111 -0.90309 0.70860 -0.12136 0.19062 
108  0.0000 -1000.0 0.86452 0.0000 0.20348 
109  0.44444 -0.096910 0.15152 0.39054 0.28463 
110  0.11111 -0.90309 0.70860 0.061714 0.21500 
111  0.0000 -1000.0 0.86452 0.0000 0.20348 
112  1.0000 1000.0 0.0000 -0.50068 0.15719 
113  0.0000 -1000.0 0.86452 0.0000 0.20348 
114  0.0000 -1000.0 0.86452 0.0000 0.20348 
