[loci]=114

[populations]=5

[pop]=1
1 97 80
2 97 79
3 97 85
4 97 94
5 97 32
6 97 15
7 97 8
8 97 12
9 97 59
10 97 5
11 97 15
12 97 75
13 97 11
14 97 0
15 97 49
16 97 83
17 97 9
18 97 5
19 97 9
20 97 3
21 97 2
22 97 8
23 97 11
24 97 0
25 97 33
26 97 78
27 97 6
28 97 0
29 97 8
30 97 0
31 97 0
32 97 0
33 97 3
34 97 6
35 97 0
36 97 94
37 97 85
38 97 6
39 97 3
40 97 50
41 97 82
42 97 0
43 97 54
44 97 55
45 97 3
46 97 33
47 97 20
48 97 27
49 97 89
50 97 6
51 97 3
52 97 56
53 97 28
54 97 0
55 97 37
56 97 15
57 97 85
58 97 0
59 97 0
60 97 9
61 97 0
62 97 75
63 97 4
64 97 25
65 97 8
66 97 5
67 97 5
68 97 0
69 97 46
70 97 65
71 97 1
72 97 2
73 97 50
74 97 2
75 97 4
76 97 7
77 97 6
78 97 0
79 97 13
80 97 13
81 97 31
82 97 0
83 97 0
84 97 0
85 97 22
86 97 1
87 97 86
88 97 80
89 97 35
90 97 37
91 97 10
92 97 46
93 97 20
94 97 92
95 97 0
96 97 38
97 97 15
98 97 13
99 97 11
100 97 0
101 97 2
102 97 0
103 97 0
104 97 9
105 97 1
106 97 0
107 97 23
108 97 0
109 97 3
110 97 17
111 97 0
112 97 4
113 97 13
114 97 15

[pop]=2
1 59 59
2 59 59
3 59 59
4 59 58
5 59 3
6 59 0
7 59 5
8 59 0
9 59 41
10 59 0
11 59 10
12 59 3
13 59 0
14 59 8
15 59 2
16 59 59
17 59 1
18 59 0
19 59 0
20 59 1
21 59 4
22 59 0
23 59 0
24 59 17
25 59 0
26 59 5
27 59 4
28 59 0
29 59 0
30 59 0
31 59 1
32 59 2
33 59 0
34 59 0
35 59 5
36 59 59
37 59 3
38 59 4
39 59 14
40 59 0
41 59 59
42 59 0
43 59 1
44 59 51
45 59 38
46 59 4
47 59 45
48 59 0
49 59 59
50 59 0
51 59 1
52 59 42
53 59 0
54 59 0
55 59 0
56 59 1
57 59 56
58 59 0
59 59 0
60 59 0
61 59 0
62 59 15
63 59 0
64 59 0
65 59 1
66 59 1
67 59 0
68 59 0
69 59 6
70 59 0
71 59 0
72 59 0
73 59 0
74 59 1
75 59 0
76 59 6
77 59 0
78 59 14
79 59 2
80 59 0
81 59 2
82 59 1
83 59 0
84 59 0
85 59 4
86 59 21
87 59 26
88 59 36
89 59 0
90 59 24
91 59 0
92 59 8
93 59 1
94 59 59
95 59 0
96 59 54
97 59 5
98 59 1
99 59 0
100 59 6
101 59 0
102 59 0
103 59 2
104 59 0
105 59 1
106 59 3
107 59 4
108 59 0
109 59 0
110 59 0
111 59 0
112 59 0
113 59 0
114 59 0

[pop]=3
1 73 15
2 73 16
3 73 65
4 73 56
5 73 12
6 73 0
7 73 6
8 73 1
9 73 51
10 73 0
11 73 4
12 73 11
13 73 3
14 73 20
15 73 1
16 73 68
17 73 6
18 73 8
19 73 0
20 73 7
21 73 7
22 73 0
23 73 1
24 73 23
25 73 0
26 73 12
27 73 4
28 73 5
29 73 2
30 73 2
31 73 1
32 73 2
33 73 0
34 73 1
35 73 1
36 73 69
37 73 2
38 73 4
39 73 29
40 73 2
41 73 59
42 73 0
43 73 1
44 73 53
45 73 48
46 73 7
47 73 34
48 73 2
49 73 69
50 73 0
51 73 4
52 73 37
53 73 0
54 73 0
55 73 3
56 73 2
57 73 55
58 73 2
59 73 0
60 73 1
61 73 2
62 73 29
63 73 4
64 73 2
65 73 4
66 73 0
67 73 0
68 73 0
69 73 4
70 73 2
71 73 1
72 73 0
73 73 1
74 73 4
75 73 0
76 73 5
77 73 1
78 73 13
79 73 0
80 73 1
81 73 2
82 73 9
83 73 13
84 73 0
85 73 6
86 73 18
87 73 38
88 73 19
89 73 1
90 73 31
91 73 1
92 73 9
93 73 1
94 73 67
95 73 0
96 73 63
97 73 5
98 73 0
99 73 0
100 73 14
101 73 2
102 73 0
103 73 3
104 73 0
105 73 8
106 73 4
107 73 6
108 73 0
109 73 1
110 73 4
111 73 0
112 73 0
113 73 0
114 73 0

[pop]=4
1 18 18
2 18 18
3 18 18
4 18 15
5 18 9
6 18 0
7 18 0
8 18 0
9 18 17
10 18 0
11 18 4
12 18 0
13 18 1
14 18 2
15 18 0
16 18 18
17 18 0
18 18 8
19 18 0
20 18 1
21 18 0
22 18 5
23 18 0
24 18 3
25 18 0
26 18 2
27 18 1
28 18 0
29 18 0
30 18 11
31 18 0
32 18 0
33 18 0
34 18 0
35 18 0
36 18 18
37 18 0
38 18 1
39 18 5
40 18 0
41 18 3
42 18 1
43 18 0
44 18 18
45 18 15
46 18 6
47 18 2
48 18 0
49 18 18
50 18 0
51 18 0
52 18 0
53 18 0
54 18 0
55 18 0
56 18 0
57 18 14
58 18 0
59 18 0
60 18 0
61 18 0
62 18 0
63 18 10
64 18 0
65 18 1
66 18 0
67 18 0
68 18 0
69 18 0
70 18 0
71 18 0
72 18 0
73 18 0
74 18 1
75 18 0
76 18 0
77 18 0
78 18 0
79 18 0
80 18 0
81 18 0
82 18 0
83 18 1
84 18 7
85 18 6
86 18 0
87 18 7
88 18 1
89 18 3
90 18 0
91 18 0
92 18 1
93 18 0
94 18 17
95 18 0
96 18 18
97 18 1
98 18 0
99 18 0
100 18 11
101 18 1
102 18 0
103 18 9
104 18 0
105 18 0
106 18 0
107 18 0
108 18 0
109 18 0
110 18 0
111 18 0
112 18 0
113 18 0
114 18 0

[pop]=5
1 9 9
2 9 9
3 9 5
4 9 9
5 9 0
6 9 0
7 9 0
8 9 0
9 9 4
10 9 1
11 9 9
12 9 0
13 9 0
14 9 9
15 9 0
16 9 0
17 9 0
18 9 0
19 9 0
20 9 0
21 9 0
22 9 0
23 9 0
24 9 0
25 9 0
26 9 0
27 9 1
28 9 2
29 9 0
30 9 0
31 9 0
32 9 2
33 9 0
34 9 0
35 9 0
36 9 0
37 9 2
38 9 0
39 9 2
40 9 0
41 9 0
42 9 9
43 9 8
44 9 0
45 9 3
46 9 8
47 9 1
48 9 0
49 9 9
50 9 4
51 9 9
52 9 1
53 9 0
54 9 6
55 9 0
56 9 0
57 9 6
58 9 0
59 9 1
60 9 0
61 9 9
62 9 0
63 9 0
64 9 7
65 9 0
66 9 0
67 9 0
68 9 6
69 9 8
70 9 0
71 9 9
72 9 0
73 9 0
74 9 0
75 9 0
76 9 0
77 9 0
78 9 0
79 9 0
80 9 1
81 9 1
82 9 0
83 9 0
84 9 0
85 9 0
86 9 3
87 9 4
88 9 1
89 9 3
90 9 1
91 9 0
92 9 2
93 9 0
94 9 1
95 9 8
96 9 0
97 9 2
98 9 0
99 9 2
100 9 0
101 9 0
102 9 9
103 9 0
104 9 0
105 9 0
106 9 0
107 9 0
108 9 6
109 9 0
110 9 0
111 9 5
112 9 0
113 9 7
114 9 0

