[loci]=114

[populations]=2

[pop]=1
1 95 79
2 95 79
3 95 84
4 95 94
5 95 32
6 95 15
7 95 8
8 95 12
9 95 58
10 95 5
11 95 14
12 95 75
13 95 11
14 95 0
15 95 49
16 95 82
17 95 9
18 95 5
19 95 9
20 95 3
21 95 2
22 95 8
23 95 11
24 95 0
25 95 33
26 95 77
27 95 6
28 95 0
29 95 8
30 95 0
31 95 0
32 95 0
33 95 3
34 95 6
35 95 0
36 95 93
37 95 83
38 95 6
39 95 3
40 95 49
41 95 81
42 95 0
43 95 53
44 95 54
45 95 3
46 95 33
47 95 20
48 95 27
49 95 88
50 95 6
51 95 3
52 95 55
53 95 27
54 95 0
55 95 36
56 95 15
57 95 84
58 95 0
59 95 0
60 95 9
61 95 0
62 95 74
63 95 4
64 95 25
65 95 8
66 95 5
67 95 5
68 95 0
69 95 46
70 95 65
71 95 1
72 95 1
73 95 50
74 95 2
75 95 4
76 95 7
77 95 6
78 95 0
79 95 13
80 95 13
81 95 31
82 95 0
83 95 0
84 95 0
85 95 21
86 95 1
87 95 85
88 95 79
89 95 35
90 95 37
91 95 10
92 95 46
93 95 20
94 95 91
95 95 0
96 95 38
97 95 15
98 95 13
99 95 11
100 95 0
101 95 2
102 95 0
103 95 0
104 95 8
105 95 1
106 95 0
107 95 23
108 95 0
109 95 2
110 95 17
111 95 0
112 95 4
113 95 13
114 95 14

[pop]=2
1 212 139
2 212 141
3 212 198
4 212 182
5 212 31
6 212 1
7 212 14
8 212 2
9 212 153
10 212 1
11 212 38
12 212 18
13 212 6
14 212 52
15 212 7
16 212 197
17 212 8
18 212 18
19 212 0
20 212 12
21 212 13
22 212 6
23 212 1
24 212 52
25 212 0
26 212 31
27 212 13
28 212 9
29 212 3
30 212 17
31 212 2
32 212 9
33 212 0
34 212 1
35 212 8
36 212 198
37 212 13
38 212 11
39 212 66
40 212 4
41 212 165
42 212 10
43 212 13
44 212 168
45 212 143
46 212 26
47 212 112
48 212 3
49 212 207
50 212 4
51 212 14
52 212 106
53 212 2
54 212 6
55 212 10
56 212 5
57 212 172
58 212 3
59 212 1
60 212 5
61 212 11
62 212 61
63 212 17
64 212 11
65 212 10
66 212 1
67 212 0
68 212 6
69 212 22
70 212 5
71 212 10
72 212 1
73 212 4
74 212 7
75 212 0
76 212 18
77 212 1
78 212 40
79 212 4
80 212 2
81 212 7
82 212 12
83 212 18
84 212 7
85 212 21
86 212 51
87 212 114
88 212 86
89 212 9
90 212 77
91 212 2
92 212 25
93 212 3
94 212 196
95 212 8
96 212 175
97 212 18
98 212 1
99 212 2
100 212 38
101 212 5
102 212 9
103 212 17
104 212 1
105 212 13
106 212 8
107 212 15
108 212 6
109 212 3
110 212 5
111 212 5
112 212 0
113 212 7
114 212 1

