[loci]=138

[populations]=2

[pop]=1
1 107 104
2 107 28
3 107 2
4 107 3
5 107 5
6 107 1
7 107 5
8 107 1
9 107 45
10 107 42
11 107 107
12 107 0
13 107 54
14 107 76
15 107 2
16 107 1
17 107 6
18 107 0
19 107 0
20 107 76
21 107 41
22 107 64
23 107 3
24 107 0
25 107 7
26 107 2
27 107 2
28 107 106
29 107 1
30 107 1
31 107 106
32 107 5
33 107 7
34 107 101
35 107 17
36 107 26
37 107 13
38 107 6
39 107 3
40 107 107
41 107 4
42 107 83
43 107 11
44 107 3
45 107 2
46 107 103
47 107 9
48 107 69
49 107 4
50 107 46
51 107 3
52 107 103
53 107 6
54 107 101
55 107 5
56 107 28
57 107 20
58 107 5
59 107 2
60 107 107
61 107 9
62 107 6
63 107 13
64 107 1
65 107 11
66 107 79
67 107 3
68 107 0
69 107 7
70 107 8
71 107 31
72 107 3
73 107 43
74 107 15
75 107 6
76 107 1
77 107 106
78 107 1
79 107 7
80 107 8
81 107 107
82 107 12
83 107 5
84 107 6
85 107 0
86 107 4
87 107 1
88 107 54
89 107 3
90 107 5
91 107 5
92 107 4
93 107 17
94 107 4
95 107 13
96 107 5
97 107 9
98 107 82
99 107 1
100 107 7
101 107 8
102 107 1
103 107 7
104 107 3
105 107 0
106 107 2
107 107 15
108 107 2
109 107 16
110 107 107
111 107 5
112 107 5
113 107 2
114 107 105
115 107 4
116 107 105
117 107 8
118 107 4
119 107 4
120 107 2
121 107 2
122 107 2
123 107 5
124 107 13
125 107 0
126 107 2
127 107 49
128 107 9
129 107 13
130 107 26
131 107 91
132 107 0
133 107 6
134 107 3
135 107 1
136 107 2
137 107 7
138 107 1

[pop]=2
1 24 22
2 24 0
3 24 11
4 24 12
5 24 0
6 24 2
7 24 0
8 24 3
9 24 1
10 24 14
11 24 13
12 24 0
13 24 3
14 24 7
15 24 0
16 24 1
17 24 0
18 24 2
19 24 4
20 24 12
21 24 19
22 24 20
23 24 0
24 24 8
25 24 0
26 24 6
27 24 0
28 24 11
29 24 1
30 24 2
31 24 20
32 24 2
33 24 4
34 24 20
35 24 0
36 24 1
37 24 3
38 24 2
39 24 3
40 24 22
41 24 16
42 24 24
43 24 2
44 24 0
45 24 2
46 24 7
47 24 7
48 24 6
49 24 0
50 24 2
51 24 0
52 24 18
53 24 2
54 24 21
55 24 0
56 24 1
57 24 0
58 24 3
59 24 2
60 24 23
61 24 1
62 24 0
63 24 0
64 24 19
65 24 0
66 24 3
67 24 4
68 24 2
69 24 1
70 24 2
71 24 0
72 24 1
73 24 11
74 24 0
75 24 0
76 24 3
77 24 17
78 24 6
79 24 9
80 24 0
81 24 23
82 24 1
83 24 5
84 24 8
85 24 3
86 24 0
87 24 1
88 24 17
89 24 1
90 24 1
91 24 1
92 24 1
93 24 1
94 24 2
95 24 0
96 24 0
97 24 9
98 24 21
99 24 1
100 24 2
101 24 1
102 24 1
103 24 1
104 24 0
105 24 2
106 24 1
107 24 0
108 24 0
109 24 0
110 24 9
111 24 1
112 24 0
113 24 0
114 24 22
115 24 0
116 24 2
117 24 16
118 24 0
119 24 0
120 24 0
121 24 0
122 24 2
123 24 1
124 24 1
125 24 2
126 24 0
127 24 17
128 24 0
129 24 0
130 24 2
131 24 18
132 24 1
133 24 0
134 24 0
135 24 1
136 24 0
137 24 0
138 24 2

