    prob  log10(PO)   qval  alpha  fst
1  0 -1000 0.866345 0.0000 0.24235 
2  0.0000 -1000.0 0.86634 0.0000 0.24235 
3  0.11111 -0.90309 0.74022 0.010523 0.24458 
4  0.0000 -1000.0 0.86634 0.0000 0.24235 
5  0.11111 -0.90309 0.74022 0.0036714 0.24305 
6  1.0000 1000.0 0.0000 0.34825 0.33045 
7  0.0000 -1000.0 0.86634 0.0000 0.24235 
8  0.11111 -0.90309 0.74022 0.070156 0.25645 
9  0.0000 -1000.0 0.86634 0.0000 0.24235 
10  0.0000 -1000.0 0.86634 0.0000 0.24235 
11  0.0000 -1000.0 0.86634 0.0000 0.24235 
12  1.0000 1000.0 0.0000 -2.1064 0.044213 
13  0.11111 -0.90309 0.74022 -0.031584 0.23851 
14  0.11111 -0.90309 0.74022 -0.052207 0.23339 
15  0.11111 -0.90309 0.74022 -0.054736 0.23430 
16  0.0000 -1000.0 0.86634 0.0000 0.24235 
17  0.11111 -0.90309 0.74022 -0.19579 0.22809 
18  0.88889 0.90309 0.012346 -0.45052 0.17190 
19  0.0000 -1000.0 0.86634 0.0000 0.24235 
20  0.22222 -0.54407 0.48291 -0.076064 0.23117 
21  0.11111 -0.90309 0.74022 -0.035554 0.23609 
22  0.0000 -1000.0 0.86634 0.0000 0.24235 
23  0.11111 -0.90309 0.74022 -0.10491 0.22890 
24  0.11111 -0.90309 0.74022 0.024126 0.24664 
25  0.11111 -0.90309 0.74022 0.064332 0.25608 
26  0.11111 -0.90309 0.74022 -0.024696 0.23782 
27  0.0000 -1000.0 0.86634 0.0000 0.24235 
28  0.0000 -1000.0 0.86634 0.0000 0.24235 
29  0.0000 -1000.0 0.86634 0.0000 0.24235 
30  0.0000 -1000.0 0.86634 0.0000 0.24235 
31  0.0000 -1000.0 0.86634 0.0000 0.24235 
32  0.0000 -1000.0 0.86634 0.0000 0.24235 
33  0.22222 -0.54407 0.48291 0.046141 0.25017 
34  0.11111 -0.90309 0.74022 0.021788 0.24675 
35  0.22222 -0.54407 0.48291 0.16666 0.28010 
36  0.66667 0.30103 0.044444 0.34609 0.31679 
37  0.0000 -1000.0 0.86634 0.0000 0.24235 
38  0.11111 -0.90309 0.74022 -0.052373 0.23443 
39  0.11111 -0.90309 0.74022 0.074257 0.25923 
40  0.11111 -0.90309 0.74022 0.022367 0.24631 
41  0.11111 -0.90309 0.74022 0.050361 0.25292 
42  0.0000 -1000.0 0.86634 0.0000 0.24235 
43  0.0000 -1000.0 0.86634 0.0000 0.24235 
44  1.0000 1000.0 0.0000 0.13590 0.27223 
45  0.0000 -1000.0 0.86634 0.0000 0.24235 
46  0.0000 -1000.0 0.86634 0.0000 0.24235 
47  0.0000 -1000.0 0.86634 0.0000 0.24235 
48  0.11111 -0.90309 0.74022 -0.11089 0.22645 
49  0.11111 -0.90309 0.74022 -0.043453 0.23485 
50  0.0000 -1000.0 0.86634 0.0000 0.24235 
51  0.0000 -1000.0 0.86634 0.0000 0.24235 
52  1.0000 1000.0 0.0000 -0.024812 0.25470 
53  1.0000 1000.0 0.0000 -1.5156 0.087237 
54  0.0000 -1000.0 0.86634 0.0000 0.24235 
55  0.0000 -1000.0 0.86634 0.0000 0.24235 
56  0.0000 -1000.0 0.86634 0.0000 0.24235 
57  0.0000 -1000.0 0.86634 0.0000 0.24235 
58  0.22222 -0.54407 0.48291 0.16881 0.27936 
59  0.11111 -0.90309 0.74022 0.095856 0.26361 
60  0.33333 -0.30103 0.13889 0.29430 0.30039 
61  0.0000 -1000.0 0.86634 0.0000 0.24235 
62  0.0000 -1000.0 0.86634 0.0000 0.24235 
63  0.11111 -0.90309 0.74022 0.024346 0.24729 
64  1.0000 1000.0 0.0000 0.17996 0.28682 
65  0.0000 -1000.0 0.86634 0.0000 0.24235 
66  0.0000 -1000.0 0.86634 0.0000 0.24235 
67  1.0000 1000.0 0.0000 -0.99312 0.11164 
68  0.11111 -0.90309 0.74022 -0.024297 0.23789 
69  0.0000 -1000.0 0.86634 0.0000 0.24235 
70  0.0000 -1000.0 0.86634 0.0000 0.24235 
71  0.0000 -1000.0 0.86634 0.0000 0.24235 
72  0.0000 -1000.0 0.86634 0.0000 0.24235 
73  0.22222 -0.54407 0.48291 -0.29433 0.20740 
74  0.0000 -1000.0 0.86634 0.0000 0.24235 
75  0.11111 -0.90309 0.74022 -0.010729 0.24058 
76  0.22222 -0.54407 0.48291 -0.23953 0.21276 
77  0.0000 -1000.0 0.86634 0.0000 0.24235 
78  0.0000 -1000.0 0.86634 0.0000 0.24235 
79  0.11111 -0.90309 0.74022 0.037765 0.25064 
80  0.11111 -0.90309 0.74022 -0.19714 0.22029 
81  0.22222 -0.54407 0.48291 -0.041760 0.23470 
82  0.11111 -0.90309 0.74022 0.0061024 0.24318 
83  0.11111 -0.90309 0.74022 -0.11500 0.22604 
84  0.0000 -1000.0 0.86634 0.0000 0.24235 
85  0.0000 -1000.0 0.86634 0.0000 0.24235 
86  0.22222 -0.54407 0.48291 -0.10086 0.23027 
87  0.0000 -1000.0 0.86634 0.0000 0.24235 
88  0.0000 -1000.0 0.86634 0.0000 0.24235 
89  0.11111 -0.90309 0.74022 0.068351 0.25725 
90  0.11111 -0.90309 0.74022 -0.051520 0.23454 
91  0.11111 -0.90309 0.74022 -0.071710 0.23206 
92  0.11111 -0.90309 0.74022 -0.028232 0.23734 
93  0.0000 -1000.0 0.86634 0.0000 0.24235 
94  0.11111 -0.90309 0.74022 -0.016411 0.24025 
95  0.0000 -1000.0 0.86634 0.0000 0.24235 
96  0.0000 -1000.0 0.86634 0.0000 0.24235 
97  0.11111 -0.90309 0.74022 -0.16764 0.21805 
98  0.44444 -0.096910 0.090909  -nan nan 
99  0.0000 -1000.0 0.86634 0.0000 0.24235 
100  0.11111 -0.90309 0.74022 -0.079837 0.22991 
101  0.22222 -0.54407 0.48291 -0.056933 0.24088 
102  0.11111 -0.90309 0.74022 0.039561 0.25044 
103  0.11111 -0.90309 0.74022 0.10154 0.26029 
104  0.0000 -1000.0 0.86634 0.0000 0.24235 
105  0.22222 -0.54407 0.48291 0.017716 0.25044 
106  0.11111 -0.90309 0.74022 -0.061061 0.23242 
107  0.0000 -1000.0 0.86634 0.0000 0.24235 
108  0.0000 -1000.0 0.86634 0.0000 0.24235 
109  0.11111 -0.90309 0.74022 0.037674 0.25018 
110  0.0000 -1000.0 0.86634 0.0000 0.24235 
111  0.11111 -0.90309 0.74022 -0.065901 0.23516 
112  1.0000 1000.0 0.0000 -1.1584 0.096346 
113  0.11111 -0.90309 0.74022 0.029280 0.24778 
114  0.11111 -0.90309 0.74022 -0.020951 0.23899 
115  0.11111 -0.90309 0.74022 -0.074116 0.22893 
116  0.0000 -1000.0 0.86634 0.0000 0.24235 
117  0.0000 -1000.0 0.86634 0.0000 0.24235 
118  0.0000 -1000.0 0.86634 0.0000 0.24235 
119  0.0000 -1000.0 0.86634 0.0000 0.24235 
120  0.0000 -1000.0 0.86634 0.0000 0.24235 
121  0.0000 -1000.0 0.86634 0.0000 0.24235 
122  0.0000 -1000.0 0.86634 0.0000 0.24235 
123  0.0000 -1000.0 0.86634 0.0000 0.24235 
124  0.11111 -0.90309 0.74022 0.027609 0.24833 
125  0.0000 -1000.0 0.86634 0.0000 0.24235 
126  0.0000 -1000.0 0.86634 0.0000 0.24235 
127  0.22222 -0.54407 0.48291 -0.33605 0.19682 
128  0.0000 -1000.0 0.86634 0.0000 0.24235 
129  0.0000 -1000.0 0.86634 0.0000 0.24235 
130  0.11111 -0.90309 0.74022 0.044723 0.24919 
131  0.22222 -0.54407 0.48291 -0.15278 0.22431 
132  0.0000 -1000.0 0.86634 0.0000 0.24235 
133  0.0000 -1000.0 0.86634 0.0000 0.24235 
134  0.22222 -0.54407 0.48291 0.068269 0.25561 
135  0.0000 -1000.0 0.86634 0.0000 0.24235 
136  0.11111 -0.90309 0.74022 0.17967 0.28161 
137  0.0000 -1000.0 0.86634 0.0000 0.24235 
138  0.22222 -0.54407 0.48291 0.13481 0.27099 
