[loci]=138

[populations]=2

[pop]=1
1 100 97
2 100 26
3 100 1
4 100 3
5 100 5
6 100 1
7 100 2
8 100 1
9 100 45
10 100 38
11 100 100
12 100 0
13 100 52
14 100 70
15 100 2
16 100 1
17 100 3
18 100 0
19 100 0
20 100 72
21 100 35
22 100 61
23 100 3
24 100 0
25 100 4
26 100 2
27 100 0
28 100 99
29 100 1
30 100 1
31 100 99
32 100 3
33 100 3
34 100 95
35 100 14
36 100 25
37 100 11
38 100 4
39 100 1
40 100 100
41 100 2
42 100 78
43 100 6
44 100 2
45 100 0
46 100 96
47 100 9
48 100 65
49 100 4
50 100 41
51 100 2
52 100 96
53 100 4
54 100 95
55 100 5
56 100 26
57 100 20
58 100 3
59 100 0
60 100 100
61 100 7
62 100 2
63 100 13
64 100 1
65 100 9
66 100 73
67 100 1
68 100 0
69 100 6
70 100 6
71 100 28
72 100 1
73 100 42
74 100 13
75 100 4
76 100 1
77 100 99
78 100 0
79 100 4
80 100 8
81 100 100
82 100 11
83 100 1
84 100 5
85 100 0
86 100 4
87 100 1
88 100 51
89 100 3
90 100 3
91 100 3
92 100 4
93 100 17
94 100 4
95 100 9
96 100 5
97 100 8
98 100 77
99 100 1
100 100 6
101 100 5
102 100 1
103 100 6
104 100 3
105 100 0
106 100 2
107 100 15
108 100 1
109 100 15
110 100 100
111 100 5
112 100 1
113 100 2
114 100 98
115 100 4
116 100 99
117 100 4
118 100 3
119 100 4
120 100 1
121 100 1
122 100 2
123 100 5
124 100 13
125 100 0
126 100 2
127 100 45
128 100 5
129 100 12
130 100 23
131 100 85
132 100 0
133 100 3
134 100 3
135 100 1
136 100 0
137 100 3
138 100 1

[pop]=2
1 29 27
2 29 1
3 29 12
4 29 12
5 29 0
6 29 2
7 29 2
8 29 3
9 29 1
10 29 17
11 29 18
12 29 0
13 29 5
14 29 11
15 29 0
16 29 1
17 29 3
18 29 2
19 29 4
20 29 14
21 29 23
22 29 21
23 29 0
24 29 8
25 29 3
26 29 6
27 29 2
28 29 16
29 29 1
30 29 2
31 29 25
32 29 4
33 29 7
34 29 25
35 29 2
36 29 1
37 29 5
38 29 4
39 29 5
40 29 27
41 29 18
42 29 27
43 29 6
44 29 1
45 29 4
46 29 12
47 29 7
48 29 9
49 29 0
50 29 5
51 29 0
52 29 23
53 29 4
54 29 26
55 29 0
56 29 3
57 29 0
58 29 5
59 29 4
60 29 28
61 29 3
62 29 2
63 29 0
64 29 19
65 29 1
66 29 7
67 29 6
68 29 2
69 29 2
70 29 4
71 29 2
72 29 3
73 29 12
74 29 1
75 29 0
76 29 3
77 29 22
78 29 7
79 29 12
80 29 0
81 29 28
82 29 2
83 29 8
84 29 8
85 29 3
86 29 0
87 29 1
88 29 19
89 29 1
90 29 3
91 29 3
92 29 1
93 29 1
94 29 2
95 29 2
96 29 0
97 29 10
98 29 24
99 29 1
100 29 2
101 29 3
102 29 1
103 29 2
104 29 0
105 29 2
106 29 1
107 29 0
108 29 1
109 29 1
110 29 14
111 29 1
112 29 3
113 29 0
114 29 27
115 29 0
116 29 6
117 29 18
118 29 0
119 29 0
120 29 1
121 29 1
122 29 2
123 29 1
124 29 1
125 29 2
126 29 0
127 29 20
128 29 3
129 29 0
130 29 4
131 29 22
132 29 1
133 29 3
134 29 0
135 29 1
136 29 2
137 29 3
138 29 2

