    prob  log10(PO)   qval  alpha  fst
1  0 -1000 0.841385 0.0000 0.15398 
2  0.11111 -0.90309 0.67810 0.083935 0.16767 
3  0.11111 -0.90309 0.67810 -0.049682 0.14876 
4  0.0000 -1000.0 0.84138 0.0000 0.15398 
5  0.11111 -0.90309 0.67810 -0.072374 0.14647 
6  0.0000 -1000.0 0.84138 0.0000 0.15398 
7  0.11111 -0.90309 0.67810 -0.082794 0.14567 
8  0.11111 -0.90309 0.67810 0.055131 0.16234 
9  0.0000 -1000.0 0.84138 0.0000 0.15398 
10  0.0000 -1000.0 0.84138 0.0000 0.15398 
11  0.33333 -0.30103 0.28042 0.47082 0.24529 
12  0.0000 -1000.0 0.84138 0.0000 0.15398 
13  0.22222 -0.54407 0.47937 -0.22964 0.13375 
14  0.0000 -1000.0 0.84138 0.0000 0.15398 
15  1.0000 1000.0 0.0000 -0.87983 0.077119 
16  0.0000 -1000.0 0.84138 0.0000 0.15398 
17  0.0000 -1000.0 0.84138 0.0000 0.15398 
18  0.0000 -1000.0 0.84138 0.0000 0.15398 
19  0.11111 -0.90309 0.67810 0.032049 0.15835 
20  0.11111 -0.90309 0.67810 -0.032811 0.15033 
21  0.0000 -1000.0 0.84138 0.0000 0.15398 
22  0.0000 -1000.0 0.84138 0.0000 0.15398 
23  0.0000 -1000.0 0.84138 0.0000 0.15398 
24  0.11111 -0.90309 0.67810 0.042673 0.16023 
25  1.0000 1000.0 0.0000 -0.45560 0.11562 
26  0.11111 -0.90309 0.67810 -0.030392 0.15038 
27  0.0000 -1000.0 0.84138 0.0000 0.15398 
28  0.22222 -0.54407 0.47937 0.032591 0.15850 
29  0.11111 -0.90309 0.67810 -0.0081797 0.15298 
30  0.0000 -1000.0 0.84138 0.0000 0.15398 
31  0.0000 -1000.0 0.84138 0.0000 0.15398 
32  0.11111 -0.90309 0.67810 0.13159 0.17779 
33  0.22222 -0.54407 0.47937 -0.12133 0.14377 
34  0.22222 -0.54407 0.47937 -0.11271 0.14244 
35  0.0000 -1000.0 0.84138 0.0000 0.15398 
36  0.22222 -0.54407 0.47937 0.14184 0.17799 
37  0.0000 -1000.0 0.84138 0.0000 0.15398 
38  0.0000 -1000.0 0.84138 0.0000 0.15398 
39  0.0000 -1000.0 0.84138 0.0000 0.15398 
40  1.0000 1000.0 0.0000 -0.085794 0.19677 
41  0.0000 -1000.0 0.84138 0.0000 0.15398 
42  0.0000 -1000.0 0.84138 0.0000 0.15398 
43  0.0000 -1000.0 0.84138 0.0000 0.15398 
44  0.0000 -1000.0 0.84138 0.0000 0.15398 
45  1.0000 1000.0 0.0000 -0.26784 0.14114 
46  0.0000 -1000.0 0.84138 0.0000 0.15398 
47  0.11111 -0.90309 0.67810 -0.027843 0.15066 
48  0.0000 -1000.0 0.84138 0.0000 0.15398 
49  0.22222 -0.54407 0.47937 -0.14738 0.14094 
50  0.22222 -0.54407 0.47937 -0.013950 0.15229 
51  0.0000 -1000.0 0.84138 0.0000 0.15398 
52  0.0000 -1000.0 0.84138 0.0000 0.15398 
53  0.0000 -1000.0 0.84138 0.0000 0.15398 
54  0.0000 -1000.0 0.84138 0.0000 0.15398 
55  0.44444 -0.096910 0.15972 0.41762 0.22536 
56  0.0000 -1000.0 0.84138 0.0000 0.15398 
57  0.0000 -1000.0 0.84138 0.0000 0.15398 
58  0.11111 -0.90309 0.67810 0.064373 0.16369 
59  0.11111 -0.90309 0.67810 0.012633 0.15567 
60  0.11111 -0.90309 0.67810 -0.010325 0.15268 
61  0.22222 -0.54407 0.47937 -0.15548 0.13812 
62  0.0000 -1000.0 0.84138 0.0000 0.15398 
63  1.0000 1000.0 0.0000 0.56521 0.24561 
64  0.0000 -1000.0 0.84138 0.0000 0.15398 
65  0.0000 -1000.0 0.84138 0.0000 0.15398 
66  0.33333 -0.30103 0.28042 -0.16563 0.13597 
67  0.33333 -0.30103 0.28042 -0.25653 0.12860 
68  0.11111 -0.90309 0.67810 -0.030332 0.15039 
69  0.11111 -0.90309 0.67810 0.12320 0.17594 
70  0.22222 -0.54407 0.47937 0.016361 0.16088 
71  0.0000 -1000.0 0.84138 0.0000 0.15398 
72  0.0000 -1000.0 0.84138 0.0000 0.15398 
73  0.11111 -0.90309 0.67810 -0.095203 0.14519 
74  0.0000 -1000.0 0.84138 0.0000 0.15398 
75  0.11111 -0.90309 0.67810 -0.060377 0.14747 
76  0.11111 -0.90309 0.67810 0.075252 0.16563 
77  0.66667 0.30103 0.076923 -0.024174 0.15266 
78  0.11111 -0.90309 0.67810 0.19635 0.19272 
79  0.0000 -1000.0 0.84138 0.0000 0.15398 
80  0.0000 -1000.0 0.84138 0.0000 0.15398 
81  0.0000 -1000.0 0.84138 0.0000 0.15398 
82  0.0000 -1000.0 0.84138 0.0000 0.15398 
83  0.0000 -1000.0 0.84138 0.0000 0.15398 
84  0.0000 -1000.0 0.84138 0.0000 0.15398 
85  0.11111 -0.90309 0.67810 -0.046786 0.14902 
86  1.0000 1000.0 0.0000 0.28791 0.19855 
87  0.0000 -1000.0 0.84138 0.0000 0.15398 
88  0.0000 -1000.0 0.84138 0.0000 0.15398 
89  0.55556 0.096910 0.10317 -0.12171 0.14158 
90  0.0000 -1000.0 0.84138 0.0000 0.15398 
91  0.77778 0.54407 0.030303 0.012923 0.16189 
92  0.11111 -0.90309 0.67810 -0.068775 0.14719 
93  0.0000 -1000.0 0.84138 0.0000 0.15398 
94  0.11111 -0.90309 0.67810 0.020714 0.15683 
95  0.0000 -1000.0 0.84138 0.0000 0.15398 
96  0.11111 -0.90309 0.67810 -0.034346 0.15018 
97  1.0000 1000.0 0.0000 -0.39552 0.12001 
98  0.0000 -1000.0 0.84138 0.0000 0.15398 
99  0.0000 -1000.0 0.84138 0.0000 0.15398 
100  0.0000 -1000.0 0.84138 0.0000 0.15398 
101  0.0000 -1000.0 0.84138 0.0000 0.15398 
102  0.0000 -1000.0 0.84138 0.0000 0.15398 
103  0.22222 -0.54407 0.47937 -0.048885 0.14825 
104  0.0000 -1000.0 0.84138 0.0000 0.15398 
105  0.11111 -0.90309 0.67810 0.091638 0.16922 
106  0.0000 -1000.0 0.84138 0.0000 0.15398 
107  0.33333 -0.30103 0.28042 -0.020509 0.15694 
108  0.0000 -1000.0 0.84138 0.0000 0.15398 
109  0.22222 -0.54407 0.47937 -0.050769 0.15125 
110  0.11111 -0.90309 0.67810 0.082943 0.16749 
111  1.0000 1000.0 0.0000 -0.68803 0.089380 
112  0.0000 -1000.0 0.84138 0.0000 0.15398 
113  0.0000 -1000.0 0.84138 0.0000 0.15398 
114  0.0000 -1000.0 0.84138 0.0000 0.15398 
115  0.0000 -1000.0 0.84138 0.0000 0.15398 
116  0.33333 -0.30103 0.28042 0.21321 0.19055 
117  1.0000 1000.0 0.0000 1.2734 0.41053 
118  0.0000 -1000.0 0.84138 0.0000 0.15398 
119  0.11111 -0.90309 0.67810 0.021057 0.15688 
120  0.22222 -0.54407 0.47937 0.087541 0.16891 
121  0.0000 -1000.0 0.84138 0.0000 0.15398 
122  0.0000 -1000.0 0.84138 0.0000 0.15398 
123  0.0000 -1000.0 0.84138 0.0000 0.15398 
124  0.0000 -1000.0 0.84138 0.0000 0.15398 
125  0.0000 -1000.0 0.84138 0.0000 0.15398 
126  0.11111 -0.90309 0.67810 0.00040925 0.15403 
127  0.44444 -0.096910 0.15972 0.22122 0.18732 
128  0.11111 -0.90309 0.67810 -0.023997 0.15123 
129  0.11111 -0.90309 0.67810 0.0030265 0.15437 
130  0.88889 0.90309 0.011111 0.55825 0.24134 
131  0.11111 -0.90309 0.67810 -0.15372 0.14161 
132  0.22222 -0.54407 0.47937 -0.46311 0.12684 
133  0.0000 -1000.0 0.84138 0.0000 0.15398 
134  0.22222 -0.54407 0.47937 0.0067336 0.15518 
135  0.66667 0.30103 0.076923 -0.19296 0.13311 
136  0.0000 -1000.0 0.84138 0.0000 0.15398 
137  0.11111 -0.90309 0.67810 0.10067 0.17108 
138  0.0000 -1000.0 0.84138 0.0000 0.15398 
